StartTime: 2020-10-20 09:13:23.465
address	Time(s)	ax(g)	ay(g)	az(g)	wx(deg/s)	wy(deg/s)	wz(deg/s)	AngleX(deg)	AngleY(deg)	AngleZ(deg)	T(°)	hx	hy	hz
0x50	 09:13:32.096	0.2173	0.6035	0.7930	-0.3052	0.9766	-0.9766	17.6495	-1.8018	118.1799	29.71	189	205	-240
0x50	 09:13:32.100	0.2173	0.6035	0.7930	0.3662	1.1597	-1.1597	17.6550	-1.7853	118.1689	29.70	190	206	-239
0x50	 09:13:32.110	0.2104	0.6050	0.7935	0.3662	1.1597	-1.1597	17.6605	-1.7688	118.1635	29.70	192	206	-241
0x50	 09:13:32.120	0.2104	0.6050	0.7935	1.2207	1.2207	-0.3052	17.6770	-1.7523	118.1635	29.71	191	204	-240
0x50	 09:13:32.130	0.2158	0.6030	0.7852	1.2207	1.2207	-0.3052	17.6880	-1.7358	118.1689	29.71	191	204	-239
0x50	 09:13:32.140	0.2158	0.6030	0.7852	-0.0610	0.7935	0.1831	17.6880	-1.7249	118.1689	29.69	189	203	-240
0x50	 09:13:32.150	0.2266	0.5972	0.7959	-0.0610	0.7935	0.1831	17.6935	-1.7194	118.1744	29.69	189	203	-240
0x50	 09:13:32.160	0.2266	0.5972	0.7959	-0.1831	0.9766	0.1831	17.6880	-1.7084	118.1854	29.73	188	204	-238
0x50	 09:13:32.170	0.2271	0.5957	0.7998	-0.1831	0.9766	0.1831	17.6825	-1.7029	118.1909	29.73	189	203	-237
0x50	 09:13:32.183	0.2271	0.5957	0.7998	0.3662	1.5259	-0.6104	17.6880	-1.6864	118.1909	29.70	190	202	-236
0x50	 09:13:32.190	0.2236	0.5972	0.7954	0.3662	1.5259	-0.6104	17.6880	-1.6754	118.1964	29.70	190	201	-238
0x50	 09:13:32.203	0.2236	0.5972	0.7954	1.7090	1.4038	-1.0376	17.7045	-1.6589	118.1964	29.71	191	201	-239
0x50	 09:13:32.210	0.2192	0.6021	0.7944	1.7090	1.4038	-1.0376	17.7209	-1.6425	118.1964	29.71	191	202	-240
0x50	 09:13:32.231	0.2192	0.6021	0.7944	2.2583	0.7935	-1.0376	17.7429	-1.6260	118.1909	29.73	191	203	-240
0x50	 09:13:32.231	0.2129	0.6084	0.7876	2.2583	0.7935	-1.0376	17.7649	-1.6150	118.1854	29.73	191	203	-240
0x50	 09:13:32.269	0.2129	0.6084	0.7876	1.7700	0.4883	-0.9766	17.7869	-1.6095	118.1744	29.70	190	204	-240
0x50	 09:13:32.269	0.2124	0.6060	0.7900	1.7700	0.4883	-0.9766	17.8088	-1.5985	118.1689	29.70	190	204	-238
0x50	 09:13:32.269	0.2124	0.6060	0.7900	0.0000	0.0610	-0.0610	17.8088	-1.5930	118.1689	29.70	190	203	-239
0x50	 09:13:32.270	0.2212	0.6001	0.7905	0.0000	0.0610	-0.0610	17.8088	-1.5930	118.1689	29.70	191	203	-240
0x50	 09:13:32.279	0.2212	0.6001	0.7905	-0.5493	-0.1831	-0.1221	17.8033	-1.5930	118.1689	29.71	191	204	-240
0x50	 09:13:32.289	0.2236	0.5991	0.7959	-0.5493	-0.1831	-0.1221	17.7979	-1.5985	118.1744	29.71	192	205	-241
0x50	 09:13:32.299	0.2236	0.5991	0.7959	-0.1831	-0.3662	-0.6104	17.7979	-1.5985	118.1689	29.72	192	204	-241
0x50	 09:13:32.309	0.2183	0.6021	0.7905	-0.1831	-0.3662	-0.6104	17.7924	-1.5985	118.1635	29.72	193	204	-240
0x50	 09:13:32.319	0.2183	0.6021	0.7905	-0.1221	0.0000	-1.1597	17.7924	-1.5985	118.1580	29.68	192	203	-240
0x50	 09:13:32.329	0.2124	0.6035	0.7944	-0.1221	0.0000	-1.1597	17.7924	-1.5930	118.1470	29.68	190	202	-240
0x50	 09:13:32.339	0.2124	0.6035	0.7944	-0.5493	0.0000	-0.7935	17.7869	-1.5875	118.1415	29.70	189	201	-239
0x50	 09:13:32.349	0.2129	0.6074	0.7915	-0.5493	0.0000	-0.7935	17.7814	-1.5820	118.1360	29.70	189	202	-239
0x50	 09:13:32.359	0.2129	0.6074	0.7915	0.6104	0.0000	0.1221	17.7869	-1.5820	118.1360	29.71	189	203	-240
0x50	 09:13:32.369	0.2183	0.6025	0.7886	0.6104	0.0000	0.1221	17.7979	-1.5820	118.1415	29.71	189	202	-240
0x50	 09:13:32.379	0.2183	0.6025	0.7886	-0.2441	-0.1831	0.3662	17.7924	-1.5820	118.1415	29.71	189	202	-241
0x50	 09:13:32.389	0.2222	0.6016	0.7949	-0.2441	-0.1831	0.3662	17.7924	-1.5875	118.1470	29.71	188	202	-241
0x50	 09:13:32.400	0.2222	0.6016	0.7949	-0.9766	-0.5493	0.2441	17.7814	-1.5930	118.1525	29.74	190	202	-241
0x50	 09:13:32.412	0.2212	0.6006	0.7935	-0.9766	-0.5493	0.2441	17.7704	-1.5985	118.1525	29.74	190	204	-243
0x50	 09:13:32.419	0.2212	0.6006	0.7935	0.4272	0.3662	-0.1831	17.7759	-1.5985	118.1525	29.72	190	204	-243
0x50	 09:13:32.465	0.2183	0.6025	0.7896	0.4272	0.3662	-0.1831	17.7814	-1.5930	118.1525	29.72	190	206	-243
0x50	 09:13:32.465	0.2183	0.6025	0.7896	-1.0986	-0.0610	-0.3662	17.7704	-1.5930	118.1525	29.73	190	204	-241
0x50	 09:13:32.465	0.2158	0.6016	0.7930	-1.0986	-0.0610	-0.3662	17.7594	-1.5930	118.1470	29.73	188	204	-241
0x50	 09:13:32.465	0.2158	0.6016	0.7930	-0.6714	-0.2441	-0.2441	17.7539	-1.5930	118.1470	29.72	189	203	-241
0x50	 09:13:32.468	0.2173	0.6035	0.7935	-0.6714	-0.2441	-0.2441	17.7429	-1.5930	118.1415	29.72	188	203	-239
0x50	 09:13:32.478	0.2173	0.6035	0.7935	-1.4648	-0.7935	0.0000	17.7319	-1.6040	118.1415	29.74	189	205	-238
0x50	 09:13:32.488	0.2178	0.5977	0.7827	-1.4648	-0.7935	0.0000	17.7155	-1.6095	118.1360	29.74	188	205	-239
0x50	 09:13:32.498	0.2178	0.5977	0.7827	0.5493	0.5493	0.0610	17.7209	-1.6040	118.1415	29.73	188	206	-237
0x50	 09:13:32.508	0.2197	0.5957	0.7876	0.5493	0.5493	0.0610	17.7319	-1.5985	118.1415	29.73	189	205	-238
0x50	 09:13:32.518	0.2197	0.5957	0.7876	1.7090	1.0376	-0.1221	17.7484	-1.5930	118.1470	29.66	190	204	-239
0x50	 09:13:32.528	0.2158	0.6123	0.8105	1.7090	1.0376	-0.1221	17.7649	-1.5820	118.1525	29.66	190	205	-238
0x50	 09:13:32.537	0.2158	0.6123	0.8105	-3.3569	-0.5493	-0.2441	17.7264	-1.5820	118.1470	29.71	189	205	-239
0x50	 09:13:32.547	0.2188	0.5947	0.7949	-3.3569	-0.5493	-0.2441	17.6935	-1.5875	118.1415	29.71	190	206	-240
0x50	 09:13:32.557	0.2188	0.5947	0.7949	2.2583	0.2441	0.0000	17.7155	-1.5875	118.1415	29.73	189	207	-240
0x50	 09:13:32.567	0.2158	0.6040	0.7876	2.2583	0.2441	0.0000	17.7319	-1.5820	118.1415	29.73	189	206	-239
0x50	 09:13:32.577	0.2158	0.6040	0.7876	-2.1362	-0.7935	0.4883	17.7155	-1.5930	118.1470	29.73	190	206	-239
0x50	 09:13:32.587	0.2246	0.5977	0.7974	-2.1362	-0.7935	0.4883	17.6935	-1.5985	118.1470	29.73	191	207	-239
0x50	 09:13:32.597	0.2246	0.5977	0.7974	-0.4883	-0.3662	0.0610	17.6825	-1.6095	118.1525	29.73	191	207	-239
0x50	 09:13:32.608	0.2212	0.6006	0.7944	-0.4883	-0.3662	0.0610	17.6770	-1.6150	118.1525	29.73	191	208	-239
0x50	 09:13:32.653	0.2212	0.6006	0.7944	-1.4648	-0.9155	-0.6104	17.6660	-1.6205	118.1525	29.72	192	207	-238
0x50	 09:13:32.653	0.2144	0.6040	0.7905	-1.4648	-0.9155	-0.6104	17.6495	-1.6260	118.1470	29.72	193	207	-238
0x50	 09:13:32.653	0.2144	0.6040	0.7905	1.7700	1.6479	-0.0610	17.6550	-1.6205	118.1470	29.70	194	207	-238
0x50	 09:13:32.653	0.2163	0.6030	0.7979	1.7700	1.6479	-0.0610	17.6715	-1.6040	118.1525	29.70	195	207	-238
0x50	 09:13:32.657	0.2163	0.6030	0.7979	0.1831	-0.3052	-0.3662	17.6825	-1.5930	118.1580	29.74	194	206	-238
0x50	 09:13:32.666	0.2197	0.5977	0.8003	0.1831	-0.3052	-0.3662	17.6880	-1.5930	118.1525	29.74	192	206	-238
0x50	 09:13:32.676	0.2197	0.5977	0.8003	0.9766	0.0000	0.0000	17.6880	-1.5930	118.1525	29.73	192	206	-239
0x50	 09:13:32.686	0.2163	0.6040	0.7866	0.9766	0.0000	0.0000	17.6990	-1.5930	118.1580	29.73	192	206	-239
0x50	 09:13:32.696	0.2163	0.6040	0.7866	-0.3662	-0.3052	0.0000	17.6990	-1.5930	118.1580	29.74	192	206	-239
0x50	 09:13:32.706	0.2202	0.6006	0.7954	-0.3662	-0.3052	0.0000	17.6990	-1.5985	118.1580	29.74	192	206	-239
0x50	 09:13:32.716	0.2202	0.6006	0.7954	-0.1221	-0.1221	0.1831	17.6990	-1.5985	118.1580	29.74	191	206	-240
0x50	 09:13:32.726	0.2192	0.5991	0.7939	-0.1221	-0.1221	0.1831	17.6935	-1.5985	118.1635	29.74	190	206	-240
0x50	 09:13:32.736	0.2192	0.5991	0.7939	0.0610	0.0610	0.1221	17.6935	-1.6040	118.1635	29.74	188	205	-240
0x50	 09:13:32.746	0.2217	0.6006	0.7930	0.0610	0.0610	0.1221	17.6935	-1.6040	118.1635	29.74	187	202	-240
0x50	 09:13:32.756	0.2217	0.6006	0.7930	-0.7935	-0.3052	-0.1831	17.6880	-1.6040	118.1689	29.73	188	202	-239
0x50	 09:13:32.766	0.2207	0.5991	0.7988	-0.7935	-0.3052	-0.1831	17.6825	-1.6095	118.1635	29.73	187	203	-238
0x50	 09:13:32.776	0.2207	0.5991	0.7988	0.9766	0.0000	-0.3052	17.6825	-1.6095	118.1635	29.77	189	204	-236
0x50	 09:13:32.786	0.2139	0.6055	0.7896	0.9766	0.0000	-0.3052	17.6935	-1.6095	118.1635	29.77	189	204	-237
0x50	 09:13:32.796	0.2139	0.6055	0.7896	0.6104	0.4883	-0.4883	17.6990	-1.6040	118.1580	29.72	188	203	-238
0x50	 09:13:32.806	0.2148	0.6016	0.7915	0.6104	0.4883	-0.4883	17.7100	-1.5985	118.1580	29.72	189	203	-237
0x50	 09:13:32.818	0.2148	0.6016	0.7915	0.2441	0.1831	0.0610	17.7155	-1.5930	118.1580	29.72	188	204	-237
0x50	 09:13:32.826	0.2202	0.6011	0.7944	0.2441	0.1831	0.0610	17.7155	-1.5875	118.1580	29.72	187	204	-238
0x50	 09:13:32.836	0.2202	0.6011	0.7944	-0.2441	-0.0610	0.0610	17.7155	-1.5875	118.1580	29.71	189	203	-238
0x50	 09:13:32.846	0.2197	0.5996	0.7925	-0.2441	-0.0610	0.0610	17.7100	-1.5875	118.1635	29.71	188	202	-238
0x50	 09:13:32.856	0.2197	0.5996	0.7925	0.3052	-0.1831	-0.0610	17.7100	-1.5930	118.1635	29.73	188	202	-238
0x50	 09:13:32.894	0.2178	0.6011	0.7949	0.3052	-0.1831	-0.0610	17.7155	-1.5930	118.1635	29.73	188	204	-239
0x50	 09:13:32.894	0.2178	0.6011	0.7949	-0.0610	0.0610	-0.1221	17.7155	-1.5930	118.1635	29.74	187	203	-239
0x50	 09:13:32.894	0.2188	0.6025	0.7915	-0.0610	0.0610	-0.1221	17.7155	-1.5930	118.1580	29.74	187	204	-239
0x50	 09:13:32.895	0.2188	0.6025	0.7915	0.1831	0.0000	0.0000	17.7155	-1.5930	118.1580	29.75	188	205	-238
0x50	 09:13:32.905	0.2217	0.5996	0.7979	0.1831	0.0000	0.0000	17.7155	-1.5930	118.1580	29.75	189	206	-238
0x50	 09:13:32.915	0.2217	0.5996	0.7979	0.7324	0.0000	0.0000	17.7209	-1.5930	118.1635	29.74	191	204	-237
0x50	 09:13:32.925	0.2153	0.6045	0.7876	0.7324	0.0000	0.0000	17.7264	-1.5930	118.1635	29.74	191	203	-236
0x50	 09:13:32.935	0.2153	0.6045	0.7876	0.0000	-0.3662	-0.0610	17.7319	-1.5930	118.1689	29.73	191	204	-235
0x50	 09:13:32.945	0.2173	0.6035	0.7910	0.0000	-0.3662	-0.0610	17.7319	-1.5930	118.1689	29.73	191	204	-235
0x50	 09:13:32.955	0.2173	0.6035	0.7910	-1.0376	-0.1831	0.3052	17.7319	-1.5985	118.1689	29.73	191	204	-235
0x50	 09:13:32.965	0.2192	0.6001	0.7920	-1.0376	-0.1831	0.3052	17.7209	-1.5985	118.1744	29.73	190	205	-236
0x50	 09:13:32.975	0.2192	0.6001	0.7920	-0.7935	-0.1221	0.1831	17.7155	-1.6040	118.1799	29.76	190	205	-237
0x50	 09:13:32.985	0.2222	0.5991	0.7974	-0.7935	-0.1221	0.1831	17.7045	-1.6040	118.1799	29.76	190	205	-239
0x50	 09:13:32.995	0.2222	0.5991	0.7974	-0.8545	-0.0610	-0.0610	17.6935	-1.6040	118.1799	29.77	189	206	-239
0x50	 09:13:33.005	0.2207	0.6060	0.7993	-0.8545	-0.0610	-0.0610	17.6880	-1.6040	118.1799	29.77	188	206	-239
0x50	 09:13:33.015	0.2207	0.6060	0.7993	-0.6714	0.1221	-0.9155	17.6770	-1.6040	118.1744	29.72	187	205	-240
0x50	 09:13:33.025	0.2095	0.6035	0.7876	-0.6714	0.1221	-0.9155	17.6715	-1.6040	118.1635	29.72	187	205	-240
0x50	 09:13:33.035	0.2095	0.6035	0.7876	3.9673	1.0986	-0.5493	17.6880	-1.5930	118.1580	29.71	186	205	-240
0x50	 09:13:33.045	0.2090	0.6045	0.7856	3.9673	1.0986	-0.5493	17.7264	-1.5820	118.1525	29.71	186	205	-241
0x50	 09:13:33.091	0.2090	0.6045	0.7856	-2.8687	-1.0376	0.7935	17.7374	-1.5820	118.1525	29.73	186	205	-241
0x50	 09:13:33.091	0.2290	0.5938	0.7949	-2.8687	-1.0376	0.7935	17.7100	-1.5930	118.1525	29.73	187	205	-240
0x50	 09:13:33.091	0.2290	0.5938	0.7949	0.3052	-0.3662	1.2817	17.6935	-1.6040	118.1580	29.77	188	205	-239
0x50	 09:13:33.091	0.2300	0.5903	0.8013	0.3052	-0.3662	1.2817	17.6935	-1.6150	118.1689	29.77	187	205	-238
0x50	 09:13:33.094	0.2300	0.5903	0.8013	-0.4883	-0.6104	0.1831	17.6880	-1.6260	118.1799	29.73	188	205	-239
0x50	 09:13:33.104	0.2231	0.5977	0.7949	-0.4883	-0.6104	0.1831	17.6825	-1.6315	118.1799	29.73	188	205	-240
0x50	 09:13:33.114	0.2231	0.5977	0.7949	-0.1221	0.0610	-0.5493	17.6770	-1.6370	118.1799	29.75	190	204	-240
0x50	 09:13:33.124	0.2168	0.5981	0.7866	-0.1221	0.0610	-0.5493	17.6715	-1.6370	118.1799	29.75	191	205	-238
0x50	 09:13:33.134	0.2168	0.5981	0.7866	0.3662	0.0000	-0.7324	17.6770	-1.6315	118.1744	29.74	192	205	-238
0x50	 09:13:33.144	0.2114	0.6064	0.7993	0.3662	0.0000	-0.7324	17.6770	-1.6315	118.1689	29.74	189	204	-239
0x50	 09:13:33.154	0.2114	0.6064	0.7993	-1.0376	0.0000	-0.1221	17.6770	-1.6260	118.1689	29.77	190	203	-241
0x50	 09:13:33.164	0.2148	0.6084	0.7974	-1.0376	0.0000	-0.1221	17.6660	-1.6260	118.1635	29.77	189	203	-240
0x50	 09:13:33.174	0.2148	0.6084	0.7974	0.7324	0.7935	-0.1221	17.6660	-1.6150	118.1635	29.74	187	202	-241
0x50	 09:13:33.184	0.2148	0.6064	0.7900	0.7324	0.7935	-0.1221	17.6715	-1.6095	118.1635	29.74	188	203	-242
0x50	 09:13:33.194	0.2148	0.6064	0.7900	1.3428	0.5493	0.0000	17.6880	-1.5985	118.1689	29.75	188	204	-241
0x50	 09:13:33.204	0.2153	0.6040	0.7881	1.3428	0.5493	0.0000	17.6990	-1.5930	118.1689	29.75	186	203	-239
0x50	 09:13:33.214	0.2153	0.6040	0.7881	-0.3052	0.0000	0.4272	17.7100	-1.5930	118.1689	29.73	187	204	-239
0x50	 09:13:33.227	0.2241	0.5957	0.7939	-0.3052	0.0000	0.4272	17.7045	-1.5930	118.1689	29.73	186	203	-238
0x50	 09:13:33.234	0.2241	0.5957	0.7939	-0.9155	-0.2441	0.7935	17.6990	-1.5985	118.1744	29.74	187	204	-237
0x50	 09:13:33.283	0.2285	0.5903	0.7959	-0.9155	-0.2441	0.7935	17.6880	-1.6040	118.1854	29.74	188	203	-237
0x50	 09:13:33.283	0.2285	0.5903	0.7959	-0.2441	0.0610	0.3662	17.6825	-1.6095	118.1909	29.76	187	202	-237
0x50	 09:13:33.283	0.2266	0.5933	0.8003	-0.2441	0.0610	0.3662	17.6770	-1.6150	118.1964	29.76	187	202	-237
0x50	 09:13:33.283	0.2266	0.5933	0.8003	0.5493	0.2441	-0.3662	17.6715	-1.6150	118.2019	29.75	187	202	-238
0x50	 09:13:33.284	0.2212	0.5996	0.7915	0.5493	0.2441	-0.3662	17.6770	-1.6150	118.2019	29.75	187	203	-239
0x50	 09:13:33.293	0.2212	0.5996	0.7915	1.4648	0.3052	-0.5493	17.6825	-1.6095	118.1964	29.72	187	203	-240
0x50	 09:13:33.303	0.2173	0.6060	0.7900	1.4648	0.3052	-0.5493	17.6990	-1.6095	118.1964	29.72	188	203	-239
0x50	 09:13:33.313	0.2173	0.6060	0.7900	0.4272	0.3052	-0.6714	17.7100	-1.6040	118.1909	29.73	187	202	-239
0x50	 09:13:33.323	0.2158	0.6084	0.7949	0.4272	0.3052	-0.6714	17.7155	-1.5985	118.1854	29.73	187	203	-239
0x50	 09:13:33.333	0.2158	0.6084	0.7949	0.0000	0.3052	-0.6104	17.7155	-1.5930	118.1744	29.77	186	204	-239
0x50	 09:13:33.343	0.2158	0.6055	0.7896	0.0000	0.3052	-0.6104	17.7209	-1.5875	118.1689	29.77	187	204	-239
0x50	 09:13:33.353	0.2158	0.6055	0.7896	-0.2441	0.0000	-0.6714	17.7209	-1.5820	118.1635	29.77	189	205	-238
0x50	 09:13:33.363	0.2148	0.6035	0.7920	-0.2441	0.0000	-0.6714	17.7209	-1.5820	118.1580	29.77	189	206	-238
0x50	 09:13:33.373	0.2148	0.6035	0.7920	-1.7700	-0.3052	-0.5493	17.7100	-1.5820	118.1525	29.77	189	206	-238
0x50	 09:13:33.383	0.2178	0.5986	0.7969	-1.7700	-0.3052	-0.5493	17.6935	-1.5820	118.1415	29.77	190	205	-239
0x50	 09:13:33.393	0.2178	0.5986	0.7969	0.5493	0.1831	-0.2441	17.6880	-1.5820	118.1415	29.74	190	205	-238
0x50	 09:13:33.403	0.2192	0.6016	0.7910	0.5493	0.1831	-0.2441	17.6935	-1.5765	118.1415	29.74	190	206	-237
0x50	 09:13:33.413	0.2192	0.6016	0.7910	0.0000	0.4272	0.0610	17.6935	-1.5710	118.1415	29.77	190	206	-237
0x50	 09:13:33.424	0.2231	0.5996	0.8047	0.0000	0.4272	0.0610	17.6935	-1.5710	118.1470	29.77	190	205	-237
0x50	 09:13:33.433	0.2231	0.5996	0.8047	0.8545	-0.1831	0.1831	17.6990	-1.5710	118.1470	29.73	189	204	-238
0x50	 09:13:33.469	0.2217	0.5933	0.7769	0.8545	-0.1831	0.1831	17.7045	-1.5710	118.1525	29.73	190	205	-237
0x50	 09:13:33.470	0.2217	0.5933	0.7769	4.5776	1.2817	-0.7324	17.7319	-1.5656	118.1525	29.79	191	206	-236
0x50	 09:13:33.470	0.2139	0.6035	0.8066	4.5776	1.2817	-0.7324	17.7759	-1.5546	118.1525	29.79	192	207	-236
0x50	 09:13:33.473	0.2139	0.6035	0.8066	-0.4883	0.0000	-0.6104	17.7979	-1.5491	118.1525	29.75	192	207	-236
0x50	 09:13:33.483	0.2129	0.6060	0.7910	-0.4883	0.0000	-0.6104	17.7869	-1.5436	118.1470	29.75	192	207	-237
0x50	 09:13:33.493	0.2129	0.6060	0.7910	2.0752	0.7935	-0.4272	17.7979	-1.5381	118.1470	29.74	192	207	-239
0x50	 09:13:33.502	0.2148	0.6055	0.7900	2.0752	0.7935	-0.4272	17.8198	-1.5271	118.1470	29.74	192	207	-239
0x50	 09:13:33.512	0.2148	0.6055	0.7900	-0.3052	0.0610	0.3052	17.8308	-1.5216	118.1470	29.74	190	206	-239
0x50	 09:13:33.522	0.2163	0.6045	0.7944	-0.3052	0.0610	0.3052	17.8253	-1.5216	118.1470	29.74	191	206	-239
0x50	 09:13:33.532	0.2163	0.6045	0.7944	0.3662	0.2441	-0.0610	17.8253	-1.5161	118.1525	29.75	190	207	-240
0x50	 09:13:33.542	0.2139	0.6060	0.7920	0.3662	0.2441	-0.0610	17.8308	-1.5161	118.1525	29.75	190	205	-239
0x50	 09:13:33.552	0.2139	0.6060	0.7920	-0.0610	0.0000	-0.1221	17.8308	-1.5161	118.1525	29.70	189	205	-239
0x50	 09:13:33.562	0.2168	0.6050	0.7944	-0.0610	0.0000	-0.1221	17.8308	-1.5106	118.1470	29.70	190	204	-239
0x50	 09:13:33.572	0.2168	0.6050	0.7944	0.9155	0.7324	0.0610	17.8363	-1.5106	118.1525	29.75	190	205	-238
0x50	 09:13:33.582	0.2202	0.6011	0.7900	0.9155	0.7324	0.0610	17.8473	-1.4996	118.1525	29.75	190	205	-240
0x50	 09:13:33.592	0.2202	0.6011	0.7900	1.4648	1.0376	0.1221	17.8583	-1.4941	118.1580	29.78	190	205	-240
0x50	 09:13:33.602	0.2197	0.6001	0.7930	1.4648	1.0376	0.1221	17.8693	-1.4832	118.1635	29.78	189	206	-240
0x50	 09:13:33.612	0.2197	0.6001	0.7930	1.7090	0.9766	0.0610	17.8857	-1.4777	118.1689	29.73	189	206	-241
0x50	 09:13:33.649	0.2202	0.6011	0.7886	1.7090	0.9766	0.0610	17.9022	-1.4722	118.1744	29.73	190	205	-239
0x50	 09:13:33.649	0.2202	0.6011	0.7886	0.7324	0.1221	0.1221	17.9132	-1.4667	118.1744	29.77	190	204	-239
0x50	 09:13:33.650	0.2197	0.5996	0.7935	0.7324	0.1221	0.1221	17.9187	-1.4667	118.1799	29.77	191	205	-239
0x50	 09:13:33.652	0.2197	0.5996	0.7935	0.1831	-0.1221	-0.1221	17.9242	-1.4667	118.1799	29.71	191	205	-239
0x50	 09:13:33.662	0.2202	0.6025	0.7920	0.1831	-0.1221	-0.1221	17.9242	-1.4722	118.1799	29.71	190	204	-239
0x50	 09:13:33.672	0.2202	0.6025	0.7920	0.1221	-0.1221	-0.2441	17.9242	-1.4722	118.1799	29.75	189	204	-239
0x50	 09:13:33.682	0.2153	0.6069	0.7876	0.1221	-0.1221	-0.2441	17.9242	-1.4722	118.1799	29.75	189	203	-241
0x50	 09:13:33.692	0.2153	0.6069	0.7876	-0.6104	-0.1221	-0.5493	17.9242	-1.4722	118.1744	29.77	189	203	-241
0x50	 09:13:33.702	0.2148	0.6089	0.7979	-0.6104	-0.1221	-0.5493	17.9187	-1.4722	118.1689	29.77	189	205	-242
0x50	 09:13:33.712	0.2148	0.6089	0.7979	0.0000	0.7324	-0.3662	17.9132	-1.4667	118.1635	29.77	189	205	-242
0x50	 09:13:33.721	0.2119	0.6108	0.7935	0.0000	0.7324	-0.3662	17.9132	-1.4612	118.1635	29.77	188	204	-243
0x50	 09:13:33.731	0.2119	0.6108	0.7935	2.1362	1.0376	-0.1831	17.9242	-1.4502	118.1635	29.77	188	203	-243
0x50	 09:13:33.741	0.2085	0.6084	0.7837	2.1362	1.0376	-0.1831	17.9462	-1.4392	118.1635	29.77	189	204	-243
0x50	 09:13:33.751	0.2085	0.6084	0.7837	1.7700	0.5493	0.4272	17.9681	-1.4282	118.1635	29.80	189	204	-242
0x50	 09:13:33.761	0.2183	0.6021	0.7886	1.7700	0.5493	0.4272	17.9901	-1.4282	118.1689	29.80	189	204	-241
0x50	 09:13:33.771	0.2183	0.6021	0.7886	-0.6104	-0.1831	0.8545	17.9956	-1.4282	118.1744	29.75	189	203	-240
0x50	 09:13:33.781	0.2275	0.5942	0.7988	-0.6104	-0.1831	0.8545	17.9901	-1.4337	118.1799	29.75	189	202	-240
0x50	 09:13:33.791	0.2275	0.5942	0.7988	0.6104	0.4272	0.2441	17.9846	-1.4337	118.1909	29.81	189	202	-239
0x50	 09:13:33.801	0.2251	0.5991	0.7905	0.6104	0.4272	0.2441	17.9846	-1.4337	118.1964	29.81	189	202	-239
0x50	 09:13:33.811	0.2251	0.5991	0.7905	0.7324	0.0610	-0.6714	17.9901	-1.4337	118.2019	29.77	189	201	-240
0x50	 09:13:33.821	0.2173	0.6055	0.7886	0.7324	0.0610	-0.6714	17.9956	-1.4337	118.1964	29.77	187	201	-240
0x50	 09:13:33.835	0.2173	0.6055	0.7886	0.3662	-0.0610	-1.0376	18.0011	-1.4337	118.1854	29.75	187	202	-240
0x50	 09:13:33.841	0.2173	0.6055	0.7886	0.3662	-0.0610	-1.0376	18.0066	-1.4337	118.1799	29.75	189	203	-241
0x50	 09:13:33.850	0.2090	0.6113	0.7905	0.3662	-0.0610	-1.0376	18.0066	-1.4282	118.1689	29.77	188	204	-240
0x50	 09:13:33.888	0.2090	0.6113	0.7905	-0.1221	0.0000	-0.5493	18.0121	-1.4282	118.1635	29.77	189	202	-239
0x50	 09:13:33.888	0.2119	0.6118	0.7896	-0.1221	0.0000	-0.5493	18.0121	-1.4227	118.1580	29.77	190	203	-238
0x50	 09:13:33.888	0.2119	0.6118	0.7896	0.9155	0.4883	0.1221	18.0231	-1.4172	118.1580	29.79	191	204	-238
0x50	 09:13:33.890	0.2168	0.6064	0.7915	0.9155	0.4883	0.1221	18.0341	-1.4117	118.1635	29.79	191	203	-239
0x50	 09:13:33.900	0.2168	0.6064	0.7915	0.4883	0.3052	0.1831	18.0341	-1.4117	118.1689	29.77	189	204	-239
0x50	 09:13:33.909	0.2178	0.6060	0.7900	0.4883	0.3052	0.1831	18.0396	-1.4063	118.1689	29.77	188	202	-241
0x50	 09:13:33.919	0.2178	0.6060	0.7900	0.6714	0.1221	-0.0610	18.0450	-1.4063	118.1689	29.77	187	204	-241
0x50	 09:13:33.983	0.2163	0.6035	0.7891	0.6714	0.1221	-0.0610	18.0505	-1.4063	118.1635	29.77	186	203	-241
0x50	 09:13:33.983	0.2163	0.6035	0.7891	0.1221	-0.3662	-0.1221	18.0560	-1.4117	118.1635	29.77	188	201	-240
0x50	 09:13:33.983	0.2144	0.6060	0.7930	0.1221	-0.3662	-0.1221	18.0560	-1.4172	118.1635	29.77	188	204	-240
0x50	 09:13:33.983	0.2144	0.6060	0.7930	-0.2441	-0.1831	0.0000	18.0505	-1.4172	118.1580	29.77	186	203	-240
0x50	 09:13:33.983	0.2173	0.6040	0.7920	-0.2441	-0.1831	0.0000	18.0450	-1.4172	118.1580	29.77	187	202	-240
0x50	 09:13:33.983	0.2173	0.6040	0.7920	1.8311	0.7935	0.1221	18.0615	-1.4117	118.1635	29.75	186	202	-239
0x50	 09:13:33.991	0.2183	0.6064	0.7866	1.8311	0.7935	0.1221	18.0780	-1.4063	118.1635	29.75	187	204	-240
0x50	 09:13:33.999	0.2183	0.6064	0.7866	0.7935	0.4272	0.0000	18.0890	-1.4063	118.1635	29.78	188	203	-240
0x50	 09:13:34.009	0.2192	0.6045	0.7910	0.7935	0.4272	0.0000	18.0945	-1.4008	118.1689	29.78	189	203	-240
0x50	 09:13:34.019	0.2192	0.6045	0.7910	0.7324	0.3662	0.0000	18.1055	-1.4008	118.1689	29.75	189	203	-240
0x50	 09:13:34.030	0.2173	0.6064	0.7886	0.7324	0.3662	0.0000	18.1110	-1.4008	118.1689	29.75	189	203	-240
0x50	 09:13:34.068	0.2173	0.6064	0.7886	0.0000	0.0000	-0.3662	18.1110	-1.4008	118.1689	29.81	189	204	-240
0x50	 09:13:34.068	0.2119	0.6079	0.7900	0.0000	0.0000	-0.3662	18.1110	-1.4008	118.1635	29.81	189	204	-239
0x50	 09:13:34.068	0.2119	0.6079	0.7900	-0.2441	0.2441	-0.3662	18.1055	-1.3953	118.1635	29.81	190	204	-239
0x50	 09:13:34.069	0.2114	0.6094	0.7896	-0.2441	0.2441	-0.3662	18.1055	-1.3898	118.1580	29.81	189	203	-240
0x50	 09:13:34.079	0.2114	0.6094	0.7896	-0.8545	-0.1221	0.0000	18.0945	-1.3898	118.1580	29.78	189	203	-241
0x50	 09:13:34.089	0.2163	0.6108	0.7969	-0.8545	-0.1221	0.0000	18.0890	-1.3898	118.1580	29.78	190	203	-242
0x50	 09:13:34.099	0.2163	0.6108	0.7969	0.4272	-1.1597	0.8545	18.0945	-1.4063	118.1635	29.75	190	204	-243
0x50	 09:13:34.108	0.2168	0.6089	0.7852	0.4272	-1.1597	0.8545	18.0945	-1.4172	118.1635	29.75	190	205	-244
0x50	 09:13:34.119	0.2168	0.6089	0.7852	0.7324	0.2441	-0.0610	18.1055	-1.4172	118.1635	29.79	191	205	-243
0x50	 09:13:34.128	0.2197	0.6021	0.7891	0.7324	0.2441	-0.0610	18.1110	-1.4172	118.1635	29.79	191	205	-243
0x50	 09:13:34.138	0.2197	0.6021	0.7891	0.6714	0.2441	-0.2441	18.1165	-1.4117	118.1689	29.77	191	204	-242
0x50	 09:13:34.148	0.2153	0.6079	0.7915	0.6714	0.2441	-0.2441	18.1219	-1.4117	118.1635	29.77	189	204	-243
0x50	 09:13:34.158	0.2153	0.6079	0.7915	0.2441	0.4272	-0.1831	18.1274	-1.4063	118.1635	29.80	189	203	-244
0x50	 09:13:34.168	0.2124	0.6084	0.7866	0.2441	0.4272	-0.1831	18.1274	-1.4008	118.1635	29.80	189	202	-242
0x50	 09:13:34.178	0.2124	0.6084	0.7866	0.7324	0.2441	0.0000	18.1329	-1.4008	118.1635	29.78	189	202	-241
0x50	 09:13:34.188	0.2158	0.6055	0.7891	0.7324	0.2441	0.0000	18.1439	-1.3953	118.1635	29.78	188	202	-241
0x50	 09:13:34.198	0.2158	0.6055	0.7891	0.0000	-0.1831	0.4272	18.1439	-1.4008	118.1689	29.77	190	203	-240
0x50	 09:13:34.208	0.2197	0.6060	0.7856	0.0000	-0.1831	0.4272	18.1439	-1.4063	118.1744	29.77	190	204	-240
0x50	 09:13:34.218	0.2197	0.6060	0.7856	-1.0376	-0.5493	0.3052	18.1329	-1.4117	118.1744	29.78	190	206	-239
0x50	 09:13:34.228	0.2202	0.6040	0.7959	-1.0376	-0.5493	0.3052	18.1219	-1.4227	118.1744	29.78	191	205	-240
0x50	 09:13:34.238	0.2202	0.6040	0.7959	-0.3052	0.0000	0.0000	18.1165	-1.4227	118.1799	29.80	190	205	-239
0x50	 09:13:34.248	0.2188	0.6084	0.7959	-0.3052	0.0000	0.0000	18.1110	-1.4227	118.1799	29.80	189	204	-239
0x50	 09:13:34.258	0.2188	0.6084	0.7959	0.7935	0.7935	-0.4883	18.1165	-1.4117	118.1799	29.79	189	203	-240
0x50	 09:13:34.268	0.2139	0.6104	0.7871	0.7935	0.7935	-0.4883	18.1219	-1.4063	118.1799	29.79	189	201	-240
0x50	 09:13:34.307	0.2139	0.6104	0.7871	3.5400	1.1597	-0.4272	18.1604	-1.3953	118.1799	29.81	190	202	-241
0x50	 09:13:34.307	0.2075	0.6123	0.7788	3.5400	1.1597	-0.4272	18.1989	-1.3788	118.1744	29.81	189	203	-241
0x50	 09:13:34.307	0.2075	0.6123	0.7788	0.0000	0.1831	-0.1831	18.1989	-1.3788	118.1744	29.79	191	205	-241
0x50	 09:13:34.308	0.2129	0.6099	0.7876	0.0000	0.1831	-0.1831	18.2043	-1.3733	118.1689	29.79	190	205	-240
0x50	 09:13:34.318	0.2129	0.6099	0.7876	-1.3428	-0.0610	0.4883	18.1879	-1.3733	118.1744	29.80	190	207	-241
0x50	 09:13:34.327	0.2202	0.6025	0.7954	-1.3428	-0.0610	0.4883	18.1769	-1.3788	118.1744	29.80	190	207	-241
0x50	 09:13:34.337	0.2202	0.6025	0.7954	-0.9155	0.0000	0.3662	18.1659	-1.3788	118.1799	29.80	188	206	-241
0x50	 09:13:34.347	0.2202	0.6030	0.7896	-0.9155	0.0000	0.3662	18.1494	-1.3843	118.1854	29.80	188	205	-240
0x50	 09:13:34.357	0.2202	0.6030	0.7896	-0.0610	0.4883	-0.1221	18.1494	-1.3843	118.1799	29.80	187	204	-241
0x50	 09:13:34.367	0.2139	0.6074	0.7915	-0.0610	0.4883	-0.1221	18.1494	-1.3788	118.1799	29.80	187	204	-241
0x50	 09:13:34.377	0.2139	0.6074	0.7915	0.9766	0.4883	-0.2441	18.1549	-1.3733	118.1799	29.81	188	204	-241
0x50	 09:13:34.387	0.2129	0.6099	0.7842	0.9766	0.4883	-0.2441	18.1659	-1.3678	118.1744	29.81	188	204	-241
0x50	 09:13:34.397	0.2129	0.6099	0.7842	0.1221	0.2441	0.1221	18.1659	-1.3678	118.1799	29.75	188	203	-240
0x50	 09:13:34.407	0.2192	0.6079	0.7896	0.1221	0.2441	0.1221	18.1714	-1.3678	118.1799	29.75	188	202	-239
0x50	 09:13:34.417	0.2192	0.6079	0.7896	-0.6714	-0.2441	0.0610	18.1604	-1.3678	118.1799	29.80	189	201	-238
0x50	 09:13:34.427	0.2163	0.6074	0.7925	-0.6714	-0.2441	0.0610	18.1549	-1.3733	118.1799	29.80	189	202	-239
0x50	 09:13:34.439	0.2163	0.6074	0.7925	0.1221	0.1221	0.0000	18.1549	-1.3733	118.1799	29.80	189	203	-239
0x50	 09:13:34.447	0.2148	0.6055	0.7876	0.1221	0.1221	0.0000	18.1549	-1.3733	118.1854	29.80	190	202	-240
0x50	 09:13:34.457	0.2148	0.6055	0.7876	0.4883	0.2441	-0.0610	18.1604	-1.3678	118.1854	29.77	190	201	-241
0x50	 09:13:34.503	0.2148	0.6084	0.7905	0.4883	0.2441	-0.0610	18.1659	-1.3678	118.1854	29.77	189	202	-240
0x50	 09:13:34.503	0.2148	0.6084	0.7905	0.2441	0.2441	-0.1831	18.1659	-1.3623	118.1854	29.79	188	202	-239
0x50	 09:13:34.503	0.2124	0.6108	0.7856	0.2441	0.2441	-0.1831	18.1714	-1.3623	118.1854	29.79	188	202	-238
0x50	 09:13:34.503	0.2124	0.6108	0.7856	0.1831	0.1221	0.0000	18.1714	-1.3623	118.1854	29.77	187	202	-238
0x50	 09:13:34.507	0.2139	0.6089	0.7920	0.1831	0.1221	0.0000	18.1769	-1.3623	118.1799	29.77	186	203	-239
0x50	 09:13:34.517	0.2139	0.6089	0.7920	0.1221	0.2441	0.3052	18.1769	-1.3568	118.1854	29.77	187	203	-239
0x50	 09:13:34.527	0.2158	0.6089	0.7847	0.1221	0.2441	0.3052	18.1769	-1.3568	118.1854	29.77	188	205	-238
0x50	 09:13:34.537	0.2158	0.6089	0.7847	0.0610	0.1831	0.6104	18.1769	-1.3568	118.1909	29.80	188	206	-238
0x50	 09:13:34.547	0.2207	0.6035	0.7915	0.0610	0.1831	0.6104	18.1769	-1.3623	118.1964	29.80	189	205	-238
0x50	 09:13:34.556	0.2207	0.6035	0.7915	-0.6104	0.0000	0.2441	18.1714	-1.3623	118.2019	29.80	189	206	-237
0x50	 09:13:34.566	0.2178	0.6045	0.7930	-0.6104	0.0000	0.2441	18.1604	-1.3678	118.2019	29.80	190	205	-239
0x50	 09:13:34.576	0.2178	0.6045	0.7930	-0.0610	0.1221	-0.1221	18.1604	-1.3678	118.2019	29.78	190	205	-240
0x50	 09:13:34.586	0.2129	0.6069	0.7886	-0.0610	0.1221	-0.1221	18.1549	-1.3678	118.2019	29.78	190	204	-239
0x50	 09:13:34.596	0.2129	0.6069	0.7886	0.1221	0.0000	-0.1831	18.1604	-1.3623	118.2019	29.81	189	205	-237
0x50	 09:13:34.606	0.2124	0.6094	0.7900	0.1221	0.0000	-0.1831	18.1604	-1.3623	118.1964	29.81	189	207	-238
0x50	 09:13:34.616	0.2124	0.6094	0.7900	-0.1221	-0.0610	0.0000	18.1604	-1.3678	118.1964	29.81	189	206	-238
0x50	 09:13:34.626	0.2139	0.6089	0.7886	-0.1221	-0.0610	0.0000	18.1549	-1.3678	118.1909	29.81	189	205	-239
0x50	 09:13:34.639	0.2139	0.6089	0.7886	0.4883	0.3052	0.3052	18.1604	-1.3623	118.1964	29.82	188	206	-239
0x50	 09:13:34.646	0.2192	0.6064	0.7915	0.4883	0.3052	0.3052	18.1659	-1.3623	118.1964	29.82	188	206	-237
0x50	 09:13:34.702	0.2192	0.6064	0.7915	0.1831	0.3052	0.0610	18.1659	-1.3623	118.1964	29.78	187	206	-237
0x50	 09:13:34.702	0.2202	0.6074	0.7871	0.1831	0.3052	0.0610	18.1659	-1.3623	118.1964	29.78	186	207	-240
0x50	 09:13:34.702	0.2202	0.6074	0.7871	0.0000	0.2441	-0.3662	18.1659	-1.3623	118.1909	29.81	187	206	-241
0x50	 09:13:34.702	0.2178	0.6089	0.7896	0.0000	0.2441	-0.3662	18.1659	-1.3623	118.1854	29.81	186	204	-241
0x50	 09:13:34.702	0.2178	0.6089	0.7896	0.3052	0.0000	-0.4883	18.1659	-1.3623	118.1799	29.81	187	203	-240
0x50	 09:13:34.706	0.2114	0.6104	0.7861	0.3052	0.0000	-0.4883	18.1714	-1.3623	118.1744	29.81	189	205	-240
0x50	 09:13:34.716	0.2114	0.6104	0.7861	0.1831	0.0000	-0.1831	18.1714	-1.3623	118.1689	29.78	188	206	-238
0x50	 09:13:34.726	0.2148	0.6064	0.7920	0.1831	0.0000	-0.1831	18.1769	-1.3623	118.1635	29.78	189	206	-238
0x50	 09:13:34.736	0.2148	0.6064	0.7920	0.7324	0.3052	0.5493	18.1824	-1.3623	118.1744	29.80	189	206	-238
0x50	 09:13:34.746	0.2197	0.6064	0.7896	0.7324	0.3052	0.5493	18.1879	-1.3623	118.1799	29.80	189	205	-238
0x50	 09:13:34.756	0.2197	0.6064	0.7896	1.4648	0.1831	0.2441	18.1989	-1.3623	118.1799	29.84	190	205	-238
0x50	 09:13:34.766	0.2202	0.6060	0.7900	1.4648	0.1831	0.2441	18.2153	-1.3623	118.1854	29.84	189	205	-238
0x50	 09:13:34.775	0.2202	0.6060	0.7900	2.0752	0.7324	-0.1221	18.2318	-1.3568	118.1854	29.79	188	205	-238
0x50	 09:13:34.785	0.2158	0.6089	0.7891	2.0752	0.7324	-0.1221	18.2538	-1.3513	118.1854	29.79	188	206	-238
0x50	 09:13:34.795	0.2158	0.6089	0.7891	1.4038	1.0986	-0.7935	18.2648	-1.3403	118.1799	29.81	188	206	-238
0x50	 09:13:34.805	0.2085	0.6147	0.7861	1.4038	1.0986	-0.7935	18.2813	-1.3293	118.1744	29.81	189	206	-238
0x50	 09:13:34.815	0.2085	0.6147	0.7861	1.6479	1.2207	-0.4883	18.2977	-1.3129	118.1744	29.81	190	205	-238
0x50	 09:13:34.825	0.2080	0.6138	0.7891	1.6479	1.2207	-0.4883	18.3142	-1.3019	118.1689	29.81	190	203	-239
0x50	 09:13:34.835	0.2080	0.6138	0.7891	1.1597	0.5493	0.1221	18.3252	-1.2909	118.1744	29.81	189	203	-241
0x50	 09:13:34.845	0.2119	0.6099	0.7847	1.1597	0.5493	0.1221	18.3417	-1.2854	118.1744	29.81	188	204	-241
0x50	 09:13:34.897	0.2119	0.6099	0.7847	0.9155	0.1831	0.5493	18.3472	-1.2909	118.1744	29.77	188	205	-240
0x50	 09:13:34.897	0.2188	0.6055	0.7886	0.9155	0.1831	0.5493	18.3582	-1.2909	118.1799	29.77	189	204	-240
0x50	 09:13:34.897	0.2188	0.6055	0.7886	-0.3662	0.1221	0.4272	18.3527	-1.2909	118.1854	29.81	188	203	-239
0x50	 09:13:34.897	0.2202	0.6074	0.7881	-0.3662	0.1221	0.4272	18.3472	-1.2909	118.1909	29.81	187	203	-240
0x50	 09:13:34.897	0.2202	0.6074	0.7881	0.0610	0.3662	-0.1831	18.3472	-1.2909	118.1854	29.81	186	204	-241
0x50	 09:13:34.905	0.2163	0.6079	0.7910	0.0610	0.3662	-0.1831	18.3417	-1.2909	118.1854	29.81	185	205	-241
0x50	 09:13:34.915	0.2163	0.6079	0.7910	0.3052	0.2441	-0.4272	18.3417	-1.2909	118.1744	29.78	185	205	-241
0x50	 09:13:34.925	0.2119	0.6128	0.7847	0.3052	0.2441	-0.4272	18.3472	-1.2909	118.1689	29.78	185	205	-239
0x50	 09:13:34.935	0.2119	0.6128	0.7847	0.2441	0.1221	-0.4272	18.3472	-1.2909	118.1635	29.77	186	206	-238
0x50	 09:13:34.945	0.2124	0.6108	0.7861	0.2441	0.1221	-0.4272	18.3527	-1.2854	118.1525	29.77	186	205	-239
0x50	 09:13:34.955	0.2124	0.6108	0.7861	0.3052	0.4883	-0.1221	18.3527	-1.2854	118.1525	29.77	187	205	-239
0x50	 09:13:34.965	0.2129	0.6138	0.7876	0.3052	0.4883	-0.1221	18.3582	-1.2799	118.1525	29.77	189	208	-240
0x50	 09:13:34.974	0.2129	0.6138	0.7876	-0.1831	0.1221	0.0000	18.3527	-1.2799	118.1470	29.77	188	207	-240
0x50	 09:13:34.984	0.2158	0.6099	0.7847	-0.1831	0.1221	0.0000	18.3527	-1.2799	118.1470	29.77	190	206	-241
0x50	 09:13:34.994	0.2158	0.6099	0.7847	0.1221	0.1221	-0.1221	18.3527	-1.2799	118.1470	29.81	190	205	-239
0x50	 09:13:35.004	0.2148	0.6099	0.7905	0.1221	0.1221	-0.1221	18.3527	-1.2799	118.1470	29.81	191	205	-242
0x50	 09:13:35.014	0.2148	0.6099	0.7905	-0.8545	-0.1831	-0.1831	18.3472	-1.2799	118.1415	29.85	191	203	-241
0x50	 09:13:35.024	0.2153	0.6089	0.7896	-0.8545	-0.1831	-0.1831	18.3362	-1.2799	118.1415	29.85	192	203	-239
0x50	 09:13:35.034	0.2153	0.6089	0.7896	2.0752	0.5493	-0.1831	18.3582	-1.2744	118.1470	29.79	189	203	-238
0x50	 09:13:35.045	0.2148	0.6118	0.7847	2.0752	0.5493	-0.1831	18.3746	-1.2689	118.1470	29.79	188	202	-238
0x50	 09:13:35.087	0.2148	0.6118	0.7847	0.1831	0.2441	-0.3052	18.3801	-1.2689	118.1470	29.82	191	204	-238
0x50	 09:13:35.087	0.2158	0.6108	0.7871	0.1831	0.2441	-0.3052	18.3801	-1.2634	118.1470	29.82	192	203	-238
0x50	 09:13:35.087	0.2158	0.6108	0.7871	1.1597	0.5493	-0.3662	18.3911	-1.2579	118.1470	29.80	192	204	-238
0x50	 09:13:35.087	0.2173	0.6089	0.7881	1.1597	0.5493	-0.3662	18.4021	-1.2524	118.1470	29.80	191	204	-238
0x50	 09:13:35.094	0.2173	0.6089	0.7881	0.8545	0.1221	-0.4883	18.4131	-1.2524	118.1415	29.85	190	204	-239
0x50	 09:13:35.104	0.2153	0.6108	0.7881	0.8545	0.1221	-0.4883	18.4186	-1.2524	118.1360	29.85	189	203	-239
0x50	 09:13:35.114	0.2153	0.6108	0.7881	0.7935	0.1831	-0.9766	18.4241	-1.2469	118.1305	29.79	189	204	-239
0x50	 09:13:35.124	0.2114	0.6108	0.7866	0.7935	0.1831	-0.9766	18.4351	-1.2469	118.1195	29.79	189	205	-239
0x50	 09:13:35.134	0.2114	0.6108	0.7866	1.5869	0.7324	-0.8545	18.4515	-1.2360	118.1140	29.83	189	206	-239
0x50	 09:13:35.144	0.2065	0.6157	0.7842	1.5869	0.7324	-0.8545	18.4625	-1.2250	118.1030	29.83	189	206	-239
0x50	 09:13:35.154	0.2065	0.6157	0.7842	0.1221	0.0000	-0.5493	18.4735	-1.2195	118.0975	29.82	189	204	-239
0x50	 09:13:35.163	0.2056	0.6157	0.7837	0.1221	0.0000	-0.5493	18.4735	-1.2195	118.0920	29.82	189	204	-239
0x50	 09:13:35.173	0.2056	0.6157	0.7837	0.0000	-0.0610	0.0000	18.4790	-1.2140	118.0865	29.85	189	204	-239
0x50	 09:13:35.183	0.2100	0.6128	0.7876	0.0000	-0.0610	0.0000	18.4790	-1.2140	118.0865	29.85	190	203	-238
0x50	 09:13:35.192	0.2100	0.6128	0.7876	-1.0986	-0.1221	0.4883	18.4735	-1.2140	118.0865	29.84	190	204	-238
0x50	 09:13:35.202	0.2158	0.6104	0.7896	-1.0986	-0.1221	0.4883	18.4625	-1.2195	118.0920	29.84	191	203	-239
0x50	 09:13:35.212	0.2158	0.6104	0.7896	0.4883	0.2441	0.1831	18.4570	-1.2195	118.0975	29.82	191	203	-239
0x50	 09:13:35.222	0.2139	0.6104	0.7842	0.4883	0.2441	0.1831	18.4625	-1.2195	118.1030	29.82	190	203	-239
0x50	 09:13:35.232	0.2139	0.6104	0.7842	0.1221	-0.1221	0.0610	18.4625	-1.2195	118.1030	29.80	191	204	-238
0x50	 09:13:35.242	0.2129	0.6104	0.7871	0.1221	-0.1221	0.0610	18.4625	-1.2195	118.1085	29.80	191	205	-239
0x50	 09:13:35.254	0.2129	0.6104	0.7871	-0.1221	-0.0610	0.0000	18.4625	-1.2250	118.1030	29.84	189	205	-240
0x50	 09:13:35.262	0.2139	0.6118	0.7866	-0.1221	-0.0610	0.0000	18.4625	-1.2250	118.1030	29.84	189	206	-240
0x50	 09:13:35.272	0.2139	0.6118	0.7866	0.0000	0.3052	-0.0610	18.4625	-1.2250	118.1030	29.81	189	207	-240
0x50	 09:13:35.282	0.2139	0.6123	0.7847	0.0000	0.3052	-0.0610	18.4570	-1.2250	118.1030	29.81	189	205	-239
0x50	 09:13:35.325	0.2139	0.6123	0.7847	-0.4272	0.1831	-0.0610	18.4570	-1.2250	118.1030	29.81	190	207	-239
0x50	 09:13:35.325	0.2129	0.6118	0.7925	-0.4272	0.1831	-0.0610	18.4515	-1.2195	118.1030	29.81	191	205	-238
0x50	 09:13:35.325	0.2129	0.6118	0.7925	1.0376	0.4272	0.0000	18.4570	-1.2195	118.1030	29.81	189	204	-241
0x50	 09:13:35.325	0.2090	0.6162	0.7803	1.0376	0.4272	0.0000	18.4625	-1.2140	118.1030	29.81	191	205	-238
0x50	 09:13:35.332	0.2090	0.6162	0.7803	0.7324	0.1831	0.1221	18.4735	-1.2140	118.1030	29.84	191	205	-238
0x50	 09:13:35.342	0.2134	0.6138	0.7837	0.7324	0.1831	0.1221	18.4845	-1.2085	118.1085	29.84	190	203	-237
0x50	 09:13:35.352	0.2134	0.6138	0.7837	-0.6714	0.0000	0.4272	18.4845	-1.2085	118.1085	29.85	191	202	-237
0x50	 09:13:35.362	0.2158	0.6123	0.7886	-0.6714	0.0000	0.4272	18.4790	-1.2140	118.1195	29.85	192	202	-235
0x50	 09:13:35.372	0.2158	0.6123	0.7886	-0.7935	0.0000	0.1831	18.4735	-1.2140	118.1250	29.86	192	202	-236
0x50	 09:13:35.382	0.2163	0.6079	0.7866	-0.7935	0.0000	0.1831	18.4625	-1.2140	118.1305	29.86	191	201	-237
0x50	 09:13:35.392	0.2163	0.6079	0.7866	0.4883	0.4883	-0.0610	18.4625	-1.2140	118.1360	29.83	192	201	-236
0x50	 09:13:35.401	0.2148	0.6084	0.7910	0.4883	0.4883	-0.0610	18.4680	-1.2085	118.1360	29.83	191	201	-235
0x50	 09:13:35.411	0.2148	0.6084	0.7910	0.1221	0.1831	-0.2441	18.4680	-1.2030	118.1415	29.85	190	201	-234
0x50	 09:13:35.421	0.2104	0.6138	0.7856	0.1221	0.1831	-0.2441	18.4680	-1.2030	118.1415	29.85	191	201	-236
0x50	 09:13:35.431	0.2104	0.6138	0.7856	0.9766	0.3052	-0.1221	18.4735	-1.1975	118.1470	29.85	192	201	-237
0x50	 09:13:35.441	0.2104	0.6133	0.7832	0.9766	0.3052	-0.1221	18.4845	-1.1920	118.1470	29.85	191	199	-238
0x50	 09:13:35.455	0.2104	0.6133	0.7832	-0.0610	-0.1831	0.1831	18.4900	-1.1920	118.1525	29.86	190	198	-238
0x50	 09:13:35.462	0.2119	0.6108	0.7886	-0.0610	-0.1831	0.1831	18.4900	-1.1920	118.1525	29.86	190	199	-239
0x50	 09:13:35.471	0.2119	0.6108	0.7886	0.0610	0.0000	0.4272	18.4900	-1.1975	118.1580	29.86	190	200	-239
0x50	 09:13:35.522	0.2144	0.6104	0.7832	0.0610	0.0000	0.4272	18.4900	-1.1975	118.1635	29.86	191	200	-239
0x50	 09:13:35.522	0.2144	0.6104	0.7832	-1.3428	-0.3662	0.0610	18.4845	-1.1975	118.1689	29.86	191	201	-239
0x50	 09:13:35.522	0.2134	0.6113	0.7891	-1.3428	-0.3662	0.0610	18.4680	-1.2030	118.1689	29.86	191	203	-239
0x50	 09:13:35.522	0.2134	0.6113	0.7891	-0.5493	-0.3662	0.0000	18.4570	-1.2085	118.1689	29.83	191	203	-239
0x50	 09:13:35.522	0.2104	0.6147	0.7905	-0.5493	-0.3662	0.0000	18.4515	-1.2140	118.1689	29.83	191	202	-239
0x50	 09:13:35.531	0.2104	0.6147	0.7905	-0.1221	0.0000	0.0000	18.4515	-1.2140	118.1689	29.86	190	203	-239
0x50	 09:13:35.541	0.2144	0.6123	0.7842	-0.1221	0.0000	0.0000	18.4460	-1.2140	118.1689	29.86	191	203	-239
0x50	 09:13:35.551	0.2144	0.6123	0.7842	0.0610	0.2441	0.0000	18.4460	-1.2140	118.1689	29.83	191	204	-239
0x50	 09:13:35.561	0.2173	0.6094	0.7871	0.0610	0.2441	0.0000	18.4515	-1.2085	118.1744	29.83	192	204	-238
0x50	 09:13:35.571	0.2173	0.6094	0.7871	0.8545	0.3662	0.0000	18.4515	-1.2085	118.1744	29.81	191	204	-238
0x50	 09:13:35.581	0.2139	0.6118	0.7861	0.8545	0.3662	0.0000	18.4625	-1.2085	118.1744	29.81	190	203	-239
0x50	 09:13:35.591	0.2139	0.6118	0.7861	-0.3662	0.2441	-0.1831	18.4625	-1.2030	118.1799	29.84	190	203	-239
0x50	 09:13:35.601	0.2144	0.6128	0.7886	-0.3662	0.2441	-0.1831	18.4625	-1.2030	118.1799	29.84	190	202	-238
0x50	 09:13:35.611	0.2144	0.6128	0.7886	0.9155	0.5493	-0.0610	18.4625	-1.1975	118.1799	29.82	190	201	-238
0x50	 09:13:35.620	0.2144	0.6133	0.7832	0.9155	0.5493	-0.0610	18.4735	-1.1920	118.1799	29.82	190	202	-238
0x50	 09:13:35.630	0.2144	0.6133	0.7832	1.2817	0.3052	0.0000	18.4845	-1.1920	118.1799	29.86	190	204	-238
0x50	 09:13:35.640	0.2129	0.6138	0.7852	1.2817	0.3052	0.0000	18.4955	-1.1865	118.1854	29.86	190	203	-238
0x50	 09:13:35.652	0.2129	0.6138	0.7852	0.0610	0.2441	0.0610	18.5010	-1.1865	118.1854	29.85	188	204	-238
0x50	 09:13:35.660	0.2129	0.6118	0.7881	0.0610	0.2441	0.0610	18.5010	-1.1865	118.1854	29.85	190	205	-239
0x50	 09:13:35.670	0.2129	0.6118	0.7881	-0.4883	0.0610	0.0610	18.5010	-1.1865	118.1854	29.85	190	203	-239
0x50	 09:13:35.712	0.2158	0.6099	0.7900	-0.4883	0.0610	0.0610	18.4955	-1.1865	118.1854	29.85	189	203	-239
0x50	 09:13:35.712	0.2158	0.6099	0.7900	1.3428	0.2441	0.1221	18.4955	-1.1865	118.1909	29.85	190	201	-240
0x50	 09:13:35.712	0.2100	0.6128	0.7856	1.3428	0.2441	0.1221	18.5120	-1.1865	118.1909	29.85	189	201	-239
0x50	 09:13:35.712	0.2100	0.6128	0.7856	-0.6104	0.0000	-0.2441	18.5120	-1.1865	118.1909	29.81	190	202	-240
0x50	 09:13:35.720	0.2119	0.6133	0.7881	-0.6104	0.0000	-0.2441	18.5065	-1.1810	118.1909	29.81	189	202	-240
0x50	 09:13:35.732	0.2119	0.6133	0.7881	-0.1831	0.0000	0.0610	18.5010	-1.1810	118.1854	29.81	189	201	-240
0x50	 09:13:35.745	0.2109	0.6108	0.7852	-0.1831	0.0000	0.0610	18.5010	-1.1865	118.1854	29.81	188	202	-240
0x50	 09:13:35.750	0.2109	0.6108	0.7852	0.2441	-0.2441	0.1831	18.5010	-1.1865	118.1854	29.88	188	200	-239
0x50	 09:13:35.760	0.2119	0.6108	0.7861	0.2441	-0.2441	0.1831	18.5010	-1.1865	118.1909	29.88	188	201	-239
0x50	 09:13:35.770	0.2119	0.6108	0.7861	-2.5024	-1.1597	0.4272	18.4900	-1.1975	118.1854	29.84	187	202	-237
0x50	 09:13:35.780	0.2144	0.6094	0.7891	-2.5024	-1.1597	0.4272	18.4625	-1.2085	118.1909	29.84	189	202	-236
0x50	 09:13:35.790	0.2144	0.6094	0.7891	-1.0376	-1.0986	0.2441	18.4460	-1.2195	118.1909	29.85	190	201	-235
0x50	 09:13:35.800	0.2134	0.6118	0.7886	-1.0376	-1.0986	0.2441	18.4351	-1.2360	118.1909	29.85	190	203	-235
0x50	 09:13:35.810	0.2134	0.6118	0.7886	-0.5493	-0.6104	0.4272	18.4241	-1.2415	118.1909	29.85	190	204	-235
0x50	 09:13:35.820	0.2158	0.6108	0.7861	-0.5493	-0.6104	0.4272	18.4186	-1.2524	118.1964	29.85	191	204	-235
0x50	 09:13:35.829	0.2158	0.6108	0.7861	-0.1221	-0.0610	0.3052	18.4186	-1.2524	118.1964	29.89	190	204	-236
0x50	 09:13:35.839	0.2168	0.6108	0.7910	-0.1221	-0.0610	0.3052	18.4131	-1.2579	118.2019	29.89	189	204	-237
0x50	 09:13:35.849	0.2168	0.6108	0.7910	0.1831	0.1221	0.1831	18.4131	-1.2579	118.2019	29.78	188	203	-238
0x50	 09:13:35.860	0.2129	0.6123	0.7793	0.1831	0.1221	0.1831	18.4131	-1.2579	118.2019	29.78	188	203	-239
0x50	 09:13:35.898	0.2129	0.6123	0.7793	0.0000	0.1221	0.0610	18.4131	-1.2634	118.2019	29.83	188	204	-239
0x50	 09:13:35.898	0.2158	0.6099	0.7896	0.0000	0.1221	0.0610	18.4186	-1.2634	118.2019	29.83	188	204	-239
0x50	 09:13:35.899	0.2158	0.6099	0.7896	-0.9155	-0.0610	0.1831	18.4131	-1.2634	118.2019	29.86	188	204	-240
0x50	 09:13:35.899	0.2139	0.6133	0.7856	-0.9155	-0.0610	0.1831	18.4021	-1.2634	118.2019	29.86	188	203	-241
0x50	 09:13:35.909	0.2139	0.6133	0.7856	-0.3662	0.0000	0.1221	18.3966	-1.2689	118.2019	29.86	189	203	-241
0x50	 09:13:35.919	0.2173	0.6094	0.7866	-0.3662	0.0000	0.1221	18.3911	-1.2689	118.2019	29.86	189	203	-242
0x50	 09:13:35.929	0.2173	0.6094	0.7866	-0.1831	-0.0610	0.2441	18.3911	-1.2689	118.2074	29.86	189	203	-243
0x50	 09:13:35.939	0.2163	0.6084	0.7876	-0.1831	-0.0610	0.2441	18.3856	-1.2744	118.2074	29.86	190	202	-242
0x50	 09:13:35.949	0.2163	0.6084	0.7876	-0.4883	0.0000	0.1831	18.3801	-1.2744	118.2129	29.85	192	202	-241
0x50	 09:13:35.959	0.2153	0.6069	0.7852	-0.4883	0.0000	0.1831	18.3746	-1.2744	118.2184	29.85	193	203	-240
0x50	 09:13:35.969	0.2153	0.6069	0.7852	-0.1221	0.0000	0.0000	18.3746	-1.2799	118.2184	29.86	193	204	-238
0x50	 09:13:35.979	0.2183	0.6089	0.7939	-0.1221	0.0000	0.0000	18.3691	-1.2799	118.2239	29.86	192	204	-238
0x50	 09:13:35.989	0.2183	0.6089	0.7939	-0.7935	-0.1831	0.0000	18.3636	-1.2799	118.2239	29.88	190	204	-239
0x50	 09:13:35.999	0.2134	0.6104	0.7866	-0.7935	-0.1831	0.0000	18.3582	-1.2854	118.2239	29.88	189	203	-238
0x50	 09:13:36.009	0.2134	0.6104	0.7866	1.3428	0.2441	-0.4272	18.3582	-1.2799	118.2239	29.86	191	203	-238
0x50	 09:13:36.019	0.2119	0.6089	0.7886	1.3428	0.2441	-0.4272	18.3691	-1.2799	118.2184	29.86	189	203	-238
0x50	 09:13:36.029	0.2119	0.6089	0.7886	-0.1831	0.0000	-0.0610	18.3746	-1.2799	118.2184	29.87	189	203	-239
0x50	 09:13:36.039	0.2134	0.6108	0.7886	-0.1831	0.0000	-0.0610	18.3746	-1.2744	118.2129	29.87	188	202	-239
0x50	 09:13:36.048	0.2134	0.6108	0.7886	0.4272	0.3662	-0.1831	18.3746	-1.2744	118.2129	29.84	189	203	-240
0x50	 09:13:36.060	0.2168	0.6089	0.7886	0.4272	0.3662	-0.1831	18.3801	-1.2689	118.2129	29.84	190	204	-239
0x50	 09:13:36.068	0.2168	0.6089	0.7886	0.5493	0.6104	-0.1831	18.3801	-1.2689	118.2129	29.84	190	202	-241
0x50	 09:13:36.078	0.2163	0.6089	0.7891	0.5493	0.6104	-0.1831	18.3856	-1.2634	118.2129	29.84	188	203	-239
0x50	 09:13:36.088	0.2163	0.6089	0.7891	0.1831	0.3662	-0.6104	18.3911	-1.2579	118.2129	29.88	189	204	-239
0x50	 09:13:36.098	0.2085	0.6123	0.7847	0.1831	0.3662	-0.6104	18.3911	-1.2524	118.2074	29.88	189	204	-239
0x50	 09:13:36.138	0.2085	0.6123	0.7847	0.9155	0.3052	-0.4272	18.3966	-1.2469	118.2019	29.87	188	203	-240
0x50	 09:13:36.138	0.2085	0.6133	0.7842	0.9155	0.3052	-0.4272	18.4021	-1.2469	118.1964	29.87	189	202	-240
0x50	 09:13:36.138	0.2085	0.6133	0.7842	-0.7935	-0.1831	0.1221	18.4076	-1.2415	118.1964	29.79	190	202	-240
0x50	 09:13:36.138	0.2163	0.6099	0.7905	-0.7935	-0.1831	0.1221	18.3966	-1.2415	118.1964	29.79	189	204	-239
0x50	 09:13:36.148	0.2163	0.6099	0.7905	0.6714	0.4883	0.4272	18.3966	-1.2415	118.1964	29.86	190	204	-239
0x50	 09:13:36.158	0.2188	0.6099	0.7866	0.6714	0.4883	0.4272	18.4021	-1.2415	118.2019	29.86	190	203	-238
0x50	 09:13:36.168	0.2188	0.6099	0.7866	0.2441	0.3052	0.1831	18.4076	-1.2415	118.2074	29.88	191	201	-238
0x50	 09:13:36.178	0.2173	0.6113	0.7871	0.2441	0.3052	0.1831	18.4076	-1.2415	118.2129	29.88	191	201	-238
0x50	 09:13:36.188	0.2173	0.6113	0.7871	0.3662	0.1221	-0.1831	18.4131	-1.2360	118.2184	29.89	190	202	-238
0x50	 09:13:36.198	0.2114	0.6133	0.7832	0.3662	0.1221	-0.1831	18.4186	-1.2360	118.2184	29.89	191	202	-238
0x50	 09:13:36.208	0.2114	0.6133	0.7832	0.1831	0.4272	-0.1221	18.4186	-1.2360	118.2184	29.87	190	202	-239
0x50	 09:13:36.218	0.2100	0.6138	0.7866	0.1831	0.4272	-0.1221	18.4241	-1.2305	118.2184	29.87	189	203	-239
0x50	 09:13:36.229	0.2100	0.6138	0.7866	0.0000	0.7324	0.1221	18.4241	-1.2250	118.2184	29.89	189	203	-239
0x50	 09:13:36.238	0.2158	0.6108	0.7891	0.0000	0.7324	0.1221	18.4241	-1.2195	118.2184	29.89	190	203	-240
0x50	 09:13:36.248	0.2158	0.6108	0.7891	0.7324	0.6714	0.1831	18.4296	-1.2140	118.2239	29.87	189	203	-239
0x50	 09:13:36.258	0.2144	0.6089	0.7861	0.7324	0.6714	0.1831	18.4351	-1.2085	118.2294	29.87	189	202	-238
0x50	 09:13:36.269	0.2144	0.6089	0.7861	0.5493	0.5493	0.0000	18.4406	-1.2030	118.2349	29.86	190	200	-238
0x50	 09:13:36.277	0.2144	0.6104	0.7871	0.5493	0.5493	0.0000	18.4460	-1.1975	118.2349	29.86	190	199	-239
0x50	 09:13:36.287	0.2144	0.6104	0.7871	0.0610	0.4883	0.0610	18.4460	-1.1920	118.2404	29.87	191	199	-240
0x50	 09:13:36.334	0.2158	0.6099	0.7871	0.0610	0.4883	0.0610	18.4460	-1.1920	118.2458	29.87	190	199	-240
0x50	 09:13:36.334	0.2158	0.6099	0.7871	0.0000	0.3662	0.0000	18.4460	-1.1865	118.2513	29.87	189	199	-240
0x50	 09:13:36.334	0.2158	0.6099	0.7891	0.0000	0.3662	0.0000	18.4460	-1.1865	118.2513	29.87	189	200	-240
0x50	 09:13:36.334	0.2158	0.6099	0.7891	-0.3662	0.0610	-0.2441	18.4460	-1.1810	118.2513	29.85	190	201	-239
0x50	 09:13:36.337	0.2095	0.6128	0.7900	-0.3662	0.0610	-0.2441	18.4406	-1.1810	118.2513	29.85	190	202	-238
0x50	 09:13:36.347	0.2095	0.6128	0.7900	0.6104	0.2441	-0.2441	18.4406	-1.1810	118.2513	29.91	191	201	-238
0x50	 09:13:36.357	0.2061	0.6123	0.7837	0.6104	0.2441	-0.2441	18.4460	-1.1755	118.2513	29.91	192	200	-238
0x50	 09:13:36.367	0.2061	0.6123	0.7837	0.3662	0.3052	0.1831	18.4515	-1.1700	118.2513	29.85	192	199	-239
0x50	 09:13:36.377	0.2134	0.6113	0.7871	0.3662	0.3052	0.1831	18.4570	-1.1646	118.2568	29.85	192	200	-239
0x50	 09:13:36.387	0.2134	0.6113	0.7871	-0.6714	0.2441	0.4883	18.4570	-1.1646	118.2623	29.85	193	201	-239
0x50	 09:13:36.397	0.2192	0.6084	0.7886	-0.6714	0.2441	0.4883	18.4515	-1.1646	118.2733	29.85	194	202	-239
0x50	 09:13:36.407	0.2192	0.6084	0.7886	0.0000	0.1831	0.0610	18.4460	-1.1646	118.2788	29.85	193	203	-239
0x50	 09:13:36.417	0.2173	0.6094	0.7910	0.0000	0.1831	0.0610	18.4460	-1.1646	118.2843	29.85	194	203	-238
0x50	 09:13:36.427	0.2173	0.6094	0.7910	0.2441	0.2441	-0.3662	18.4460	-1.1646	118.2843	29.86	191	202	-238
0x50	 09:13:36.437	0.2080	0.6138	0.7837	0.2441	0.2441	-0.3662	18.4460	-1.1591	118.2843	29.86	189	200	-238
0x50	 09:13:36.447	0.2080	0.6138	0.7837	1.4648	0.4272	-0.2441	18.4515	-1.1536	118.2843	29.88	190	199	-238
0x50	 09:13:36.457	0.2080	0.6138	0.7837	1.4648	0.4272	-0.2441	18.4680	-1.1481	118.2843	29.88	190	200	-239
0x50	 09:13:36.467	0.2085	0.6143	0.7842	1.4648	0.4272	-0.2441	18.4845	-1.1426	118.2843	29.88	190	200	-238
0x50	 09:13:36.475	0.2085	0.6143	0.7842	0.0000	0.0000	0.4883	18.4845	-1.1426	118.2843	29.88	189	200	-236
0x50	 09:13:36.485	0.2168	0.6108	0.7822	0.0000	0.0000	0.4883	18.4845	-1.1481	118.2898	29.88	189	202	-236
0x50	 09:13:36.522	0.2168	0.6108	0.7822	-0.9766	-0.4883	0.4883	18.4790	-1.1536	118.2953	29.91	189	199	-238
0x50	 09:13:36.522	0.2197	0.6069	0.7891	-0.9766	-0.4883	0.4883	18.4680	-1.1646	118.2953	29.91	187	200	-239
0x50	 09:13:36.522	0.2197	0.6069	0.7891	-1.3428	-0.4883	0.1221	18.4515	-1.1700	118.2953	29.92	187	203	-239
0x50	 09:13:36.525	0.2158	0.6104	0.7915	-1.3428	-0.4883	0.1221	18.4351	-1.1810	118.2953	29.92	187	205	-239
0x50	 09:13:36.535	0.2158	0.6104	0.7915	-0.3052	0.3052	-0.4272	18.4296	-1.1755	118.2898	29.88	187	206	-239
0x50	 09:13:36.546	0.2095	0.6123	0.7852	-0.3052	0.3052	-0.4272	18.4241	-1.1755	118.2843	29.88	187	205	-240
0x50	 09:13:36.555	0.2095	0.6123	0.7852	0.5493	0.3662	-0.3052	18.4296	-1.1700	118.2788	29.88	188	204	-242
0x50	 09:13:36.565	0.2061	0.6152	0.7866	0.5493	0.3662	-0.3052	18.4351	-1.1700	118.2733	29.88	189	204	-243
0x50	 09:13:36.575	0.2061	0.6152	0.7866	0.2441	0.1831	0.1831	18.4406	-1.1646	118.2733	29.89	189	205	-241
0x50	 09:13:36.585	0.2100	0.6128	0.7847	0.2441	0.1831	0.1831	18.4406	-1.1646	118.2733	29.89	189	205	-240
0x50	 09:13:36.595	0.2100	0.6128	0.7847	0.7324	0.3662	0.7324	18.4515	-1.1646	118.2733	29.87	189	205	-239
0x50	 09:13:36.605	0.2148	0.6104	0.7866	0.7324	0.3662	0.7324	18.4570	-1.1646	118.2843	29.87	190	205	-239
0x50	 09:13:36.615	0.2148	0.6104	0.7866	-0.1831	0.5493	0.7324	18.4570	-1.1591	118.2898	29.91	190	205	-238
0x50	 09:13:36.625	0.2197	0.6074	0.7876	-0.1831	0.5493	0.7324	18.4515	-1.1591	118.2953	29.91	189	205	-238
0x50	 09:13:36.635	0.2197	0.6074	0.7876	0.4883	0.5493	0.3662	18.4570	-1.1591	118.3008	29.89	189	204	-238
0x50	 09:13:36.645	0.2168	0.6069	0.7935	0.4883	0.5493	0.3662	18.4570	-1.1591	118.3063	29.89	188	203	-237
0x50	 09:13:36.655	0.2168	0.6069	0.7935	0.1831	0.5493	-0.0610	18.4570	-1.1536	118.3063	29.88	187	202	-236
0x50	 09:13:36.665	0.2129	0.6084	0.7866	0.1831	0.5493	-0.0610	18.4570	-1.1536	118.3063	29.88	187	203	-237
0x50	 09:13:36.674	0.2129	0.6084	0.7866	1.0986	0.7324	-0.3052	18.4625	-1.1481	118.3063	29.88	189	203	-237
0x50	 09:13:36.701	0.2109	0.6108	0.7886	1.0986	0.7324	-0.3052	18.4735	-1.1371	118.3063	29.88	189	202	-236
0x50	 09:13:36.701	0.2109	0.6108	0.7886	0.7935	0.4272	-0.1221	18.4790	-1.1316	118.3063	29.87	190	202	-235
0x50	 09:13:36.704	0.2114	0.6143	0.7837	0.7935	0.4272	-0.1221	18.4900	-1.1316	118.3063	29.87	190	201	-235
0x50	 09:13:36.714	0.2114	0.6143	0.7837	0.3052	0.2441	-0.0610	18.4955	-1.1261	118.3063	29.88	190	200	-235
0x50	 09:13:36.724	0.2090	0.6143	0.7891	0.3052	0.2441	-0.0610	18.4955	-1.1261	118.3118	29.88	191	201	-236
0x50	 09:13:36.734	0.2090	0.6143	0.7891	0.5493	0.7935	0.1221	18.5010	-1.1151	118.3118	29.92	190	199	-238
0x50	 09:13:36.744	0.2124	0.6123	0.7847	0.5493	0.7935	0.1221	18.5065	-1.1096	118.3173	29.92	191	200	-239
0x50	 09:13:36.754	0.2124	0.6123	0.7847	0.1831	0.6714	0.3662	18.5120	-1.1041	118.3228	29.87	190	202	-240
0x50	 09:13:36.764	0.2178	0.6108	0.7881	0.1831	0.6714	0.3662	18.5120	-1.0986	118.3282	29.87	188	204	-239
0x50	 09:13:36.774	0.2178	0.6108	0.7881	0.2441	0.3662	0.1221	18.5120	-1.0986	118.3282	29.89	189	205	-238
0x50	 09:13:36.784	0.2183	0.6104	0.7886	0.2441	0.3662	0.1221	18.5120	-1.0986	118.3282	29.89	187	204	-238
0x50	 09:13:36.794	0.2183	0.6104	0.7886	0.9155	0.3052	-0.1831	18.5229	-1.0986	118.3282	29.88	188	203	-240
0x50	 09:13:36.804	0.2119	0.6138	0.7813	0.9155	0.3052	-0.1831	18.5284	-1.0986	118.3228	29.88	189	204	-238
0x50	 09:13:36.814	0.2119	0.6138	0.7813	0.3052	0.1221	-0.4883	18.5339	-1.0986	118.3173	29.91	189	204	-238
0x50	 09:13:36.824	0.2100	0.6133	0.7881	0.3052	0.1221	-0.4883	18.5339	-1.0986	118.3118	29.91	188	203	-238
0x50	 09:13:36.834	0.2100	0.6133	0.7881	0.1221	0.4272	-0.1221	18.5339	-1.0931	118.3063	29.84	187	205	-236
0x50	 09:13:36.844	0.2119	0.6123	0.7817	0.1221	0.4272	-0.1221	18.5339	-1.0876	118.3063	29.84	188	206	-237
0x50	 09:13:36.854	0.2119	0.6123	0.7817	0.0000	0.2441	0.0000	18.5339	-1.0876	118.3063	29.88	188	205	-238
0x50	 09:13:36.864	0.2178	0.6099	0.7905	0.0000	0.2441	0.0000	18.5339	-1.0876	118.3008	29.88	190	207	-236
0x50	 09:13:36.876	0.2178	0.6099	0.7905	-0.5493	0.1831	-0.2441	18.5284	-1.0876	118.3008	29.88	189	207	-236
0x50	 09:13:36.884	0.2168	0.6123	0.7891	-0.5493	0.1831	-0.2441	18.5229	-1.0876	118.2953	29.88	190	205	-237
0x50	 09:13:36.894	0.2168	0.6123	0.7891	1.5259	0.4883	-0.7324	18.5339	-1.0876	118.2898	29.88	190	204	-234
0x50	 09:13:36.903	0.2075	0.6147	0.7813	1.5259	0.4883	-0.7324	18.5504	-1.0822	118.2898	29.88	190	202	-234
0x50	 09:13:36.942	0.2075	0.6147	0.7813	0.3052	0.2441	-0.8545	18.5559	-1.0767	118.2788	29.90	189	202	-234
0x50	 09:13:36.942	0.2021	0.6177	0.7866	0.3052	0.2441	-0.8545	18.5559	-1.0712	118.2733	29.90	188	203	-234
0x50	 09:13:36.942	0.2021	0.6177	0.7866	-0.6714	0.2441	-0.1831	18.5504	-1.0657	118.2678	29.88	189	203	-235
0x50	 09:13:36.948	0.2075	0.6128	0.7861	-0.6714	0.2441	-0.1831	18.5449	-1.0602	118.2623	29.88	189	203	-236
0x50	 09:13:36.953	0.2075	0.6128	0.7861	0.5493	0.4272	0.5493	18.5504	-1.0547	118.2678	29.87	188	203	-238
0x50	 09:13:36.963	0.2158	0.6084	0.7881	0.5493	0.4272	0.5493	18.5559	-1.0547	118.2733	29.87	187	203	-238
0x50	 09:13:36.973	0.2158	0.6084	0.7881	-0.4883	0.0000	0.3662	18.5504	-1.0602	118.2733	29.91	187	203	-238
0x50	 09:13:36.983	0.2197	0.6079	0.7891	-0.4883	0.0000	0.3662	18.5394	-1.0657	118.2733	29.91	186	202	-237
0x50	 09:13:36.993	0.2197	0.6079	0.7891	-0.1221	0.1831	-0.2441	18.5394	-1.0657	118.2733	29.85	187	202	-236
0x50	 09:13:37.003	0.2109	0.6147	0.7876	-0.1221	0.1831	-0.2441	18.5339	-1.0657	118.2733	29.85	187	202	-236
0x50	 09:13:37.013	0.2109	0.6147	0.7876	0.8545	0.3052	-0.5493	18.5394	-1.0602	118.2678	29.87	188	202	-237
0x50	 09:13:37.023	0.2041	0.6177	0.7813	0.8545	0.3052	-0.5493	18.5504	-1.0602	118.2623	29.87	190	202	-237
0x50	 09:13:37.033	0.2041	0.6177	0.7813	0.1831	0.0000	0.0000	18.5559	-1.0547	118.2623	29.92	189	203	-236
0x50	 09:13:37.043	0.2075	0.6157	0.7837	0.1831	0.0000	0.0000	18.5559	-1.0547	118.2568	29.92	189	203	-236
0x50	 09:13:37.053	0.2075	0.6157	0.7837	-0.3662	-0.2441	0.5493	18.5559	-1.0602	118.2623	29.91	190	202	-236
0x50	 09:13:37.063	0.2158	0.6089	0.7876	-0.3662	-0.2441	0.5493	18.5504	-1.0657	118.2678	29.91	191	202	-236
0x50	 09:13:37.074	0.2158	0.6089	0.7876	-0.6714	-0.1221	0.4272	18.5449	-1.0657	118.2733	29.89	191	202	-236
0x50	 09:13:37.083	0.2178	0.6089	0.7920	-0.6714	-0.1221	0.4272	18.5339	-1.0712	118.2788	29.89	191	202	-237
0x50	 09:13:37.093	0.2178	0.6089	0.7920	0.1831	0.4883	-0.2441	18.5339	-1.0657	118.2788	29.88	191	201	-237
0x50	 09:13:37.140	0.2129	0.6113	0.7837	0.1831	0.4883	-0.2441	18.5339	-1.0657	118.2788	29.88	190	200	-237
