StartTime: 2020-09-24 17:40:40.285
address	Time(s)	wx(deg/s)	wy(deg/s)	wz(deg/s)	AngleX(deg)	AngleY(deg)	AngleZ(deg)	T(°)
0x50	 17:40:58.853	0.3662	-1.7700	-2.4414	-2.5488	-14.7821	65.1819	0.00
0x50	 17:40:58.860	0.3662	-1.7700	-2.4414	-2.5598	-14.7821	65.1599	0.00
0x50	 17:40:58.870	-6.5308	1.4038	-5.0049	-2.5543	-14.7986	65.1379	0.00
0x50	 17:40:58.880	-6.5308	1.4038	-5.0049	-2.5763	-14.8041	65.0995	0.00
0x50	 17:40:58.890	-7.8125	-0.0610	-3.0518	-2.6257	-14.7931	65.0446	0.00
0x50	 17:40:58.900	-7.8125	-0.0610	-3.0518	-2.6807	-14.7876	65.0061	0.00
0x50	 17:40:58.910	-14.4043	-15.6860	-4.4556	-2.7466	-14.7876	64.9677	0.00
0x50	 17:40:58.920	-14.4043	-15.6860	-4.4556	-2.8455	-14.8480	64.9292	0.00
0x50	 17:40:58.930	45.5933	-113.4033	-0.9766	-2.9773	-14.9744	64.8853	0.00
0x50	 17:40:58.940	45.5933	-113.4033	-0.9766	-2.8345	-15.5731	64.8907	0.00
0x50	 17:40:58.950	98.7549	-175.8423	-8.6060	-2.4170	-16.6333	64.9402	0.00
0x50	 17:40:58.960	98.7549	-175.8423	-8.6060	-1.7303	-18.0396	64.9512	0.00
0x50	 17:40:58.970	50.5981	-156.4941	-18.1885	-0.7635	-19.7809	64.9237	0.00
0x50	 17:40:58.981	50.5981	-156.4941	-18.1885	0.0000	-21.4233	64.7974	0.00
0x50	 17:40:58.990	77.3926	-226.0742	-22.9492	0.5713	-22.9669	64.5941	0.00
0x50	 17:40:59.000	77.3926	-226.0742	-22.9492	1.2799	-24.8291	64.3469	0.00
0x50	 17:40:59.010	95.3369	-255.8594	-11.2915	2.1368	-26.9989	64.0448	0.00
0x50	 17:40:59.054	95.3369	-255.8594	-11.2915	3.1036	-29.3939	63.7482	0.00
0x50	 17:40:59.054	18.6768	-160.2173	-26.4282	4.1913	-31.9977	63.4460	0.00
0x50	 17:40:59.054	18.6768	-160.2173	-26.4282	4.9164	-34.1180	63.0725	0.00
0x50	 17:40:59.054	63.2324	-136.5967	-15.5640	5.2734	-35.7605	62.6605	0.00
0x50	 17:40:59.060	63.2324	-136.5967	-15.5640	5.8942	-37.2711	62.2595	0.00
0x50	 17:40:59.069	34.9731	-100.1587	1.1597	6.7786	-38.6554	61.8585	0.00
0x50	 17:40:59.080	34.9731	-100.1587	1.1597	7.4707	-39.8694	61.5509	0.00
0x50	 17:40:59.089	40.1611	-73.4863	-11.5967	7.9596	-40.9186	61.3531	0.00
0x50	 17:40:59.100	40.1611	-73.4863	-11.5967	8.5144	-41.8085	61.0895	0.00
0x50	 17:40:59.109	85.3882	-59.8145	-17.6392	9.1296	-42.5336	60.7599	0.00
0x50	 17:40:59.119	85.3882	-59.8145	-17.6392	10.0470	-43.2037	60.3589	0.00
0x50	 17:40:59.136	33.9355	-9.2163	-13.2446	11.2610	-43.8025	59.8700	0.00
0x50	 17:40:59.142	33.9355	-9.2163	-13.2446	12.2058	-44.1760	59.4415	0.00
0x50	 17:40:59.149	-19.3481	46.0815	-10.1318	12.8705	-44.3243	59.0735	0.00
0x50	 17:40:59.159	-19.3481	46.0815	-10.1318	13.1561	-44.1870	58.8428	0.00
0x50	 17:40:59.169	-19.9585	97.3511	-4.3335	13.0627	-43.7750	58.7439	0.00
0x50	 17:40:59.181	-19.9585	97.3511	-4.3335	12.8979	-43.1104	58.7604	0.00
0x50	 17:40:59.189	-76.9043	152.8931	-0.6104	12.6617	-42.2095	58.8812	0.00
0x50	 17:40:59.199	-76.9043	152.8931	-0.6104	12.0795	-41.0394	59.0955	0.00
0x50	 17:40:59.254	-120.7275	203.4302	7.0190	11.1841	-39.6057	59.3811	0.00
0x50	 17:40:59.254	-120.7275	203.4302	7.0190	9.9976	-37.8973	59.7546	0.00
0x50	 17:40:59.254	-113.9526	205.9326	21.1792	8.5583	-35.9198	60.1831	0.00
0x50	 17:40:59.254	-113.9526	205.9326	21.1792	7.1411	-33.8983	60.6445	0.00
0x50	 17:40:59.254	-97.7783	192.8101	44.4336	5.7458	-31.8439	61.1224	0.00
0x50	 17:40:59.258	-97.7783	192.8101	44.4336	4.4165	-29.8553	61.6663	0.00
0x50	 17:40:59.268	-99.2432	177.7954	59.0210	3.1531	-27.9327	62.2815	0.00
0x50	 17:40:59.278	-99.2432	177.7954	59.0210	1.8787	-26.0760	62.9242	0.00
0x50	 17:40:59.287	-88.1348	146.4844	43.2129	0.5933	-24.2798	63.5944	0.00
0x50	 17:40:59.297	-88.1348	146.4844	43.2129	-0.5878	-22.6263	64.1656	0.00
0x50	 17:40:59.308	-63.4155	127.5635	32.4097	-1.6974	-21.1157	64.6436	0.00
0x50	 17:40:59.319	-63.4155	127.5635	32.4097	-2.6257	-19.6985	65.0226	0.00
0x50	 17:40:59.327	-90.1489	157.5928	56.5796	-3.3948	-18.3801	65.3192	0.00
0x50	 17:40:59.337	-90.1489	157.5928	56.5796	-4.3066	-16.9409	65.7147	0.00
0x50	 17:40:59.348	-104.3701	183.6548	23.5596	-5.3613	-15.3754	66.1871	0.00
0x50	 17:40:59.357	-104.3701	183.6548	23.5596	-6.4380	-13.6505	66.4563	0.00
0x50	 17:40:59.367	-36.4990	93.8721	17.5171	-7.5531	-11.7664	66.5112	0.00
0x50	 17:40:59.377	-36.4990	93.8721	17.5171	-8.3167	-10.3326	66.5607	0.00
0x50	 17:40:59.388	1.2207	36.2549	8.7891	-8.7451	-9.3329	66.6321	0.00
0x50	 17:40:59.398	1.2207	36.2549	8.7891	-8.9703	-8.6462	66.6870	0.00
0x50	 17:40:59.453	3.1738	25.2686	-3.4790	-8.9978	-8.2617	66.7419	0.00
0x50	 17:40:59.453	3.1738	25.2686	-3.4790	-8.9978	-7.9486	66.7365	0.00
0x50	 17:40:59.453	17.3950	18.4937	-3.6011	-8.9703	-7.7014	66.6760	0.00
0x50	 17:40:59.453	17.3950	18.4937	-3.6011	-8.8770	-7.4872	66.6156	0.00
0x50	 17:40:59.453	22.7661	59.9365	-2.7466	-8.7067	-7.3114	66.5662	0.00
0x50	 17:40:59.457	22.7661	59.9365	-2.7466	-8.5199	-6.9434	66.4948	0.00
0x50	 17:40:59.467	41.5649	122.8638	-15.3809	-8.3057	-6.3885	66.4014	0.00
0x50	 17:40:59.477	41.5649	122.8638	-15.3809	-8.0145	-5.5206	66.2146	0.00
0x50	 17:40:59.487	36.5601	107.0557	-23.4985	-7.6465	-4.3561	65.9454	0.00
0x50	 17:40:59.497	36.5601	107.0557	-23.4985	-7.3059	-3.2355	65.6433	0.00
0x50	 17:40:59.507	111.5112	-88.4399	-38.6963	-6.9928	-2.1698	65.3137	0.00
0x50	 17:40:59.517	111.5112	-88.4399	-38.6963	-6.3062	-2.0654	65.0171	0.00
0x50	 17:40:59.526	186.8896	-211.5479	-18.0664	-5.2350	-2.9114	64.7369	0.00
0x50	 17:40:59.537	186.8896	-211.5479	-18.0664	-3.7958	-4.3616	64.5886	0.00
0x50	 17:40:59.546	268.1274	-330.8716	-41.1377	-1.9995	-6.4105	64.5447	0.00
0x50	 17:40:59.556	268.1274	-330.8716	-41.1377	0.2307	-9.0472	64.3140	0.00
0x50	 17:40:59.567	283.1421	-392.1509	-47.6074	2.9224	-12.2388	63.8306	0.00
0x50	 17:40:59.576	283.1421	-392.1509	-47.6074	5.7678	-15.7159	63.1274	0.00
0x50	 17:40:59.589	201.5991	-409.1797	-22.8271	8.8165	-19.4568	62.1497	0.00
0x50	 17:40:59.596	201.5991	-409.1797	-22.8271	11.6071	-23.2141	61.0126	0.00
0x50	 17:40:59.644	172.4243	-396.7896	-12.2681	14.1669	-26.9879	59.7217	0.00
0x50	 17:40:59.644	172.4243	-396.7896	-12.2681	16.7596	-30.7288	58.2605	0.00
0x50	 17:40:59.644	101.8066	-303.5889	-22.5830	19.4238	-34.4312	56.6125	0.00
0x50	 17:40:59.644	101.8066	-303.5889	-22.5830	21.9781	-37.6886	54.7888	0.00
0x50	 17:40:59.646	61.4014	-173.8281	-33.5693	24.4006	-40.5066	52.8333	0.00
0x50	 17:40:59.656	61.4014	-173.8281	-33.5693	26.6418	-42.6544	50.9601	0.00
0x50	 17:40:59.666	61.4014	-173.8281	-33.5693	28.6084	-44.1541	49.2517	0.00
0x50	 17:40:59.676	34.1797	26.8555	15.3809	30.6793	-45.6042	47.4335	0.00
0x50	 17:40:59.686	34.1797	26.8555	15.3809	31.0693	-45.5438	47.6093	0.00
0x50	 17:40:59.696	-35.5225	113.6475	85.8765	31.4539	-45.4834	47.7850	0.00
0x50	 17:40:59.706	-35.5225	113.6475	85.8765	30.2014	-45.0000	49.3890	0.00
0x50	 17:40:59.716	-96.1304	192.1997	89.4165	28.9874	-44.5001	50.9491	0.00
0x50	 17:40:59.726	-96.1304	192.1997	89.4165	26.6693	-43.3191	53.1079	0.00
0x50	 17:40:59.736	-106.0791	209.7168	51.2695	24.4666	-42.0886	55.1459	0.00
0x50	 17:40:59.746	-106.0791	209.7168	51.2695	22.4231	-40.4846	56.7609	0.00
0x50	 17:40:59.756	-129.9438	305.7251	55.7251	20.4950	-38.8531	58.2550	0.00
0x50	 17:40:59.766	-129.9438	305.7251	55.7251	18.2153	-36.1395	60.0403	0.00
0x50	 17:40:59.775	-170.1050	448.0591	145.1416	16.1224	-33.3929	61.6333	0.00
0x50	 17:40:59.790	-170.1050	448.0591	145.1416	13.0573	-29.4983	64.4788	0.00
0x50	 17:40:59.798	-357.7271	583.6182	78.4302	10.3326	-25.5048	66.9836	0.00
0x50	 17:40:59.834	-357.7271	583.6182	78.4302	6.0699	-19.7314	68.7030	0.00
0x50	 17:40:59.834	-228.2104	323.1201	89.5386	2.1368	-13.8977	69.9225	0.00
0x50	 17:40:59.834	-228.2104	323.1201	89.5386	-0.4504	-10.5139	70.9442	0.00
0x50	 17:40:59.835	-178.2837	197.3877	129.8218	-2.9443	-7.1027	71.7902	0.00
0x50	 17:40:59.845	-178.2837	197.3877	129.8218	-4.9768	-4.9493	73.0426	0.00
0x50	 17:40:59.855	-140.0146	137.5122	77.5757	-6.9434	-2.7631	74.1962	0.00
0x50	 17:40:59.865	-140.0146	137.5122	77.5757	-8.5144	-1.2744	74.8773	0.00
0x50	 17:40:59.875	35.7056	-26.3062	-54.7485	-10.0580	0.2197	75.5035	0.00
0x50	 17:40:59.886	35.7056	-26.3062	-54.7485	-9.8767	-0.1099	75.1190	0.00
0x50	 17:40:59.895	203.5522	-254.5166	-120.8496	-9.6954	-0.4395	74.7345	0.00
0x50	 17:40:59.905	203.5522	-254.5166	-120.8496	-7.8497	-3.0597	74.0698	0.00
0x50	 17:40:59.915	243.5303	-421.5088	-174.3164	-5.9711	-5.6470	73.3282	0.00
0x50	 17:40:59.926	243.5303	-421.5088	-174.3164	-3.5925	-9.8767	72.1088	0.00
0x50	 17:40:59.935	174.1333	-521.3623	-251.1597	-1.0931	-14.0240	70.7135	0.00
0x50	 17:40:59.945	174.1333	-521.3623	-251.1597	1.1700	-19.0558	68.2526	0.00
0x50	 17:40:59.955	185.6689	-651.0010	-289.6729	3.7354	-23.9667	65.5170	0.00
0x50	 17:40:59.965	185.6689	-651.0010	-289.6729	7.3718	-29.8334	61.4630	0.00
0x50	 17:40:59.975	311.7065	-703.6743	-245.9106	11.7334	-35.4034	56.6620	0.00
0x50	 17:40:59.985	311.7065	-703.6743	-245.9106	18.4460	-41.3141	51.0699	0.00
0x50	 17:40:59.996	631.5308	-344.6655	-84.2285	26.5814	-46.5820	43.9618	0.00
0x50	 17:41:00.006	631.5308	-344.6655	-84.2285	36.3593	-49.0704	39.9408	0.00
0x50	 17:41:00.015	46.6309	-136.0474	-42.2974	46.8237	-51.0754	35.0684	0.00
0x50	 17:41:00.024	46.6309	-136.0474	-42.2974	49.5538	-51.5479	32.6624	0.00
0x50	 17:41:00.034	-226.5015	90.5151	114.2578	52.3389	-51.9653	30.1740	0.00
0x50	 17:41:00.079	-226.5015	90.5151	114.2578	48.6145	-52.2125	32.2229	0.00
0x50	 17:41:00.079	-49.6216	126.7090	43.6401	44.8737	-52.3773	34.2828	0.00
0x50	 17:41:00.079	-49.6216	126.7090	43.6401	43.0115	-51.8060	36.0846	0.00
0x50	 17:41:00.079	-46.6309	220.3369	90.6982	41.2152	-51.2018	37.8204	0.00
0x50	 17:41:00.084	-46.6309	220.3369	90.6982	38.5895	-50.0317	40.8252	0.00
0x50	 17:41:00.094	-92.2241	311.0352	132.8735	36.1395	-48.7903	43.6542	0.00
0x50	 17:41:00.104	-92.2241	311.0352	132.8735	32.3383	-46.9830	47.6697	0.00
0x50	 17:41:00.115	-137.9395	439.8193	150.7568	28.8776	-45.0165	51.3611	0.00
0x50	 17:41:00.124	-137.9395	439.8193	150.7568	24.6039	-41.8359	55.7227	0.00
0x50	 17:41:00.134	-208.7402	590.6982	173.3398	20.8795	-38.4631	59.5624	0.00
0x50	 17:41:00.144	-208.7402	590.6982	173.3398	16.4191	-33.5083	63.7701	0.00
0x50	 17:41:00.154	-328.5522	642.0288	134.4604	12.6398	-28.3502	67.3022	0.00
0x50	 17:41:00.164	-328.5522	642.0288	134.4604	8.0475	-22.3077	70.1312	0.00
0x50	 17:41:00.174	-511.9629	632.0190	29.3579	3.9551	-16.1279	72.3175	0.00
0x50	 17:41:00.184	-511.9629	632.0190	29.3579	-1.4172	-9.6899	72.8833	0.00
0x50	 17:41:00.196	-278.3203	224.9756	-32.0435	-6.6302	-3.2684	72.8064	0.00
0x50	 17:41:00.204	-278.3203	224.9756	-32.0435	-9.6075	-1.0217	72.3615	0.00
0x50	 17:41:00.213	-75.0122	23.1934	-3.8452	-12.5848	1.1810	71.7792	0.00
0x50	 17:41:00.224	-75.0122	23.1934	-3.8452	-13.5352	1.4117	71.8341	0.00
0x50	 17:41:00.273	16.4795	66.5894	-47.4854	-14.4855	1.6425	71.8726	0.00
0x50	 17:41:00.273	16.4795	66.5894	-47.4854	-14.5349	2.1368	71.3672	0.00
0x50	 17:41:00.273	80.6885	16.9067	-137.0239	-14.5953	2.6312	70.8508	0.00
0x50	 17:41:00.273	80.6885	16.9067	-137.0239	-13.9966	2.4719	69.5599	0.00
0x50	 17:41:00.273	105.2856	-108.6426	-167.9077	-13.3923	2.3291	68.2635	0.00
0x50	 17:41:00.283	105.2856	-108.6426	-167.9077	-12.5244	0.9613	66.9397	0.00
0x50	 17:41:00.293	114.8682	-301.5747	-166.0156	-11.6235	-0.3680	65.6049	0.00
0x50	 17:41:00.303	114.8682	-301.5747	-166.0156	-10.5359	-3.4991	64.5776	0.00
0x50	 17:41:00.313	195.3125	-469.5435	-185.2417	-9.3878	-6.5973	63.4845	0.00
0x50	 17:41:00.323	195.3125	-469.5435	-185.2417	-7.2675	-11.3379	62.2760	0.00
0x50	 17:41:00.334	242.9199	-660.0342	-261.0474	-5.0153	-16.0016	60.8588	0.00
0x50	 17:41:00.343	242.9199	-660.0342	-261.0474	-1.8073	-22.5000	58.4418	0.00
0x50	 17:41:00.353	234.8633	-763.5498	-249.8169	1.8677	-28.8171	55.4700	0.00
0x50	 17:41:00.364	234.8633	-763.5498	-249.8169	6.0425	-36.0736	51.9269	0.00
0x50	 17:41:00.373	258.9111	-729.3701	-151.1230	11.2500	-43.0225	47.3071	0.00
0x50	 17:41:00.383	258.9111	-729.3701	-151.1230	17.3584	-49.8615	42.5006	0.00
0x50	 17:41:00.393	135.1318	-467.0410	-365.9668	25.4279	-56.2061	35.6726	0.00
0x50	 17:41:00.403	135.1318	-467.0410	-365.9668	35.7330	-58.4747	25.1532	0.00
0x50	 17:41:00.413	101.3794	-72.0215	-198.5474	47.1313	-59.6228	13.5461	0.00
0x50	 17:41:00.423	101.3794	-72.0215	-198.5474	51.5533	-58.3978	9.7394	0.00
0x50	 17:41:00.472	304.8096	226.3184	-19.5313	55.6403	-57.0410	6.2567	0.00
0x50	 17:41:00.472	304.8096	226.3184	-19.5313	56.4587	-55.3381	9.1901	0.00
0x50	 17:41:00.472	275.0854	381.5918	106.8115	57.3981	-53.6792	12.0135	0.00
0x50	 17:41:00.472	275.0854	381.5918	106.8115	55.7886	-52.2675	17.8967	0.00
0x50	 17:41:00.472	-166.0767	304.5044	143.3716	54.4812	-50.7788	23.5162	0.00
0x50	 17:41:00.482	-166.0767	304.5044	143.3716	49.3231	-50.1361	28.2568	0.00
0x50	 17:41:00.493	-413.2690	466.3696	199.5239	44.3738	-49.2297	32.7942	0.00
0x50	 17:41:00.502	-413.2690	466.3696	199.5239	35.3595	-47.1039	39.3970	0.00
0x50	 17:41:00.512	-503.8452	358.2153	192.8101	27.1747	-44.3518	45.1318	0.00
0x50	 17:41:00.521	-503.8452	358.2153	192.8101	18.7976	-41.7920	49.8395	0.00
0x50	 17:41:00.531	-480.2246	14.8315	147.3389	11.0962	-38.7927	53.7836	0.00
0x50	 17:41:00.541	-480.2246	14.8315	147.3389	4.7296	-38.7653	56.1182	0.00
0x50	 17:41:00.551	-560.5469	-238.4033	224.6704	-1.5765	-38.5400	58.3813	0.00
0x50	 17:41:00.561	-560.5469	-238.4033	224.6704	-9.5087	-40.6274	61.9135	0.00
0x50	 17:41:00.572	-469.7876	-76.6602	338.3179	-17.7814	-42.3083	65.8575	0.00
0x50	 17:41:00.581	-469.7876	-76.6602	338.3179	-25.7739	-41.6931	70.7300	0.00
0x50	 17:41:00.591	-163.3301	211.3647	250.5493	-33.5138	-40.6055	75.3278	0.00
0x50	 17:41:00.602	-163.3301	211.3647	250.5493	-35.8319	-37.3810	76.4484	0.00
0x50	 17:41:00.611	48.1567	58.8379	125.3052	-37.9742	-34.1455	77.3492	0.00
0x50	 17:41:00.621	48.1567	58.8379	125.3052	-37.9633	-32.8711	78.1842	0.00
0x50	 17:41:00.663	86.7310	-114.6851	-60.3027	-37.9303	-31.6077	78.9972	0.00
0x50	 17:41:00.663	86.7310	-114.6851	-60.3027	-37.2327	-32.9260	79.2993	0.00
0x50	 17:41:00.663	176.0864	-62.6221	-181.2744	-36.5405	-34.2334	79.5850	0.00
0x50	 17:41:00.663	176.0864	-62.6221	-181.2744	-34.0027	-35.7715	78.2227	0.00
0x50	 17:41:00.671	226.9287	2.8076	-102.2339	-31.3879	-37.2437	76.7670	0.00
0x50	 17:41:00.681	226.9287	2.8076	-102.2339	-28.5260	-37.6392	75.7068	0.00
0x50	 17:41:00.690	85.9985	-33.5693	-18.6768	-25.6586	-37.9852	74.6301	0.00
0x50	 17:41:00.701	85.9985	-33.5693	-18.6768	-24.8840	-38.3258	74.6741	0.00
0x50	 17:41:00.711	-1.0376	-83.4961	-39.9170	-24.1095	-38.6664	74.7180	0.00
0x50	 17:41:00.720	-1.0376	-83.4961	-39.9170	-24.1040	-39.5947	74.6631	0.00
0x50	 17:41:00.730	109.9854	-15.4419	-71.5332	-24.0985	-40.5121	74.6082	0.00
0x50	 17:41:00.740	109.9854	-15.4419	-71.5332	-22.5385	-40.8911	73.8391	0.00
0x50	 17:41:00.750	160.0342	-5.7373	-70.0684	-20.9674	-41.2537	73.0591	0.00
0x50	 17:41:00.778	160.0342	-5.7373	-70.0684	-18.8910	-41.5118	72.2571	0.00
0x50	 17:41:00.779	258.6060	-55.5420	-147.8271	-16.8146	-41.7480	71.4496	0.00
0x50	 17:41:00.787	258.6060	-55.5420	-147.8271	-13.2605	-42.6489	69.8785	0.00
0x50	 17:41:00.790	397.5220	-42.6636	-235.8398	-9.6460	-43.4729	68.2306	0.00
0x50	 17:41:00.800	397.5220	-42.6636	-235.8398	-3.7518	-44.1925	65.2808	0.00
0x50	 17:41:00.813	350.4028	-11.9629	-261.7188	2.2137	-44.6869	62.2430	0.00
0x50	 17:41:00.820	350.4028	-11.9629	-261.7188	8.0310	-44.6265	58.7714	0.00
0x50	 17:41:00.871	266.0522	54.2603	-231.9336	13.7769	-44.3188	55.3711	0.00
0x50	 17:41:00.871	266.0522	54.2603	-231.9336	18.1110	-43.2147	52.7399	0.00
0x50	 17:41:00.871	321.4722	-43.7622	-242.6758	22.2693	-41.9788	50.3009	0.00
0x50	 17:41:00.871	321.4722	-43.7622	-242.6758	27.3450	-41.4020	47.2906	0.00
0x50	 17:41:00.871	378.4790	-132.3242	-203.5522	32.2888	-40.6329	44.4177	0.00
0x50	 17:41:00.880	378.4790	-132.3242	-203.5522	38.6279	-40.3638	40.9515	0.00
0x50	 17:41:00.890	168.8843	-83.5571	-79.2847	44.8682	-39.8035	37.5732	0.00
0x50	 17:41:00.899	168.8843	-83.5571	-79.2847	47.9663	-39.7321	35.8429	0.00
0x50	 17:41:00.910	-16.4795	31.7383	-78.7354	51.0425	-39.5892	34.1235	0.00
0x50	 17:41:00.919	-16.4795	31.7383	-78.7354	51.1963	-38.8806	33.6951	0.00
0x50	 17:41:00.929	-4.5776	37.2314	-134.2773	51.3446	-38.1665	33.2831	0.00
0x50	 17:41:00.939	-4.5776	37.2314	-134.2773	51.6522	-36.8866	32.6294	0.00
0x50	 17:41:00.949	90.3320	-54.0161	-109.8633	51.9324	-35.6177	32.0032	0.00
0x50	 17:41:00.959	90.3320	-54.0161	-109.8633	53.6407	-34.9365	30.6244	0.00
0x50	 17:41:00.969	149.0479	-63.3545	-52.9785	55.2997	-34.2279	29.2950	0.00
0x50	 17:41:00.979	149.0479	-63.3545	-52.9785	57.4805	-34.0356	28.2349	0.00
0x50	 17:41:00.990	83.9233	-29.2358	-27.6489	59.6393	-33.8104	27.1967	0.00
0x50	 17:41:00.999	83.9233	-29.2358	-27.6489	60.9192	-33.6951	26.6528	0.00
0x50	 17:41:01.009	-8.3008	3.2959	-28.1372	62.1881	-33.5687	26.1200	0.00
0x50	 17:41:01.020	-8.3008	3.2959	-28.1372	62.3364	-33.2941	25.9387	0.00
0x50	 17:41:01.058	-50.1099	-13.3667	12.3901	62.4792	-33.0194	25.7629	0.00
0x50	 17:41:01.058	-50.1099	-13.3667	12.3901	62.2101	-33.0853	25.6201	0.00
0x50	 17:41:01.058	-137.3291	-2.2583	90.5151	61.9354	-33.1512	25.4828	0.00
0x50	 17:41:01.059	-137.3291	-2.2583	90.5151	60.4797	-33.8489	25.9113	0.00
0x50	 17:41:01.069	-235.9619	45.1660	133.9722	59.0131	-34.5355	26.3617	0.00
0x50	 17:41:01.079	-235.9619	45.1660	133.9722	56.7444	-35.2881	27.2516	0.00
0x50	 17:41:01.089	-188.0493	50.1099	135.1318	53.6682	-36.0736	28.6084	0.00
0x50	 17:41:01.099	-188.0493	50.1099	135.1318	50.7294	-36.7822	30.0751	0.00
0x50	 17:41:01.109	-125.8545	7.0190	194.7021	47.9279	-37.4139	31.6351	0.00
0x50	 17:41:01.119	-125.8545	7.0190	194.7021	45.4614	-38.3038	33.2391	0.00
0x50	 17:41:01.129	-278.2593	22.0947	320.4956	43.2916	-39.4684	34.9146	0.00
0x50	 17:41:01.139	-278.2593	22.0947	320.4956	39.7925	-41.0339	37.3975	0.00
0x50	 17:41:01.149	-459.2285	30.7617	320.0684	34.8212	-42.8687	40.8417	0.00
0x50	 17:41:01.159	-459.2285	30.7617	320.0684	28.4106	-44.4562	44.8022	0.00
0x50	 17:41:01.168	-384.5215	-4.4556	184.4482	20.5499	-45.6592	49.3121	0.00
0x50	 17:41:01.178	-384.5215	-4.4556	184.4482	13.5901	-46.3348	53.0255	0.00
0x50	 17:41:01.188	-224.7925	-39.0625	219.3604	7.6740	-46.6644	55.7831	0.00
0x50	 17:41:01.199	-224.7925	-39.0625	219.3604	2.3950	-46.9336	58.7494	0.00
0x50	 17:41:01.213	-148.7427	-74.0356	252.6855	-2.2412	-47.1423	61.9135	0.00
0x50	 17:41:01.258	-148.7427	-74.0356	252.6855	-6.7786	-47.4060	65.4730	0.00
0x50	 17:41:01.258	-103.7598	-63.9648	181.9458	-11.2610	-47.6917	69.4556	0.00
0x50	 17:41:01.258	-103.7598	-63.9648	181.9458	-15.1666	-47.8400	72.9657	0.00
0x50	 17:41:01.258	-69.1528	-85.2051	141.1743	-18.4900	-47.9279	75.9760	0.00
0x50	 17:41:01.258	-69.1528	-85.2051	141.1743	-21.4673	-48.0707	78.7555	0.00
0x50	 17:41:01.268	-82.0313	-59.7534	92.8345	-24.1205	-48.2959	81.3263	0.00
0x50	 17:41:01.278	-82.0313	-59.7534	92.8345	-26.5155	-48.4442	83.4576	0.00
0x50	 17:41:01.288	-64.3311	-37.9639	56.5796	-28.6359	-48.5376	85.1495	0.00
0x50	 17:41:01.298	-64.3311	-37.9639	56.5796	-30.3992	-48.5651	86.4844	0.00
0x50	 17:41:01.308	38.1470	-44.3115	56.5796	-31.8054	-48.5431	87.4622	0.00
0x50	 17:41:01.318	38.1470	-44.3115	56.5796	-32.7393	-48.5376	88.5004	0.00
0x50	 17:41:01.328	49.4385	-53.4058	54.7485	-33.2062	-48.5541	89.5880	0.00
0x50	 17:41:01.338	49.4385	-53.4058	54.7485	-33.6676	-48.6365	90.7306	0.00
0x50	 17:41:01.348	-12.6343	-9.5825	90.0269	-34.1290	-48.7848	91.9391	0.00
0x50	 17:41:01.358	-12.6343	-9.5825	90.0269	-34.9475	-48.6639	93.1970	0.00
0x50	 17:41:01.368	-70.9839	120.4224	111.6943	-36.0901	-48.2684	94.4769	0.00
0x50	 17:41:01.378	-70.9839	120.4224	111.6943	-37.1393	-47.2522	95.2570	0.00
0x50	 17:41:01.388	-84.1064	19.5923	34.7290	-38.0896	-45.6372	95.5316	0.00
0x50	 17:41:01.398	-84.1064	19.5923	34.7290	-39.0454	-44.6265	95.7349	0.00
0x50	 17:41:01.407	-19.2871	28.5034	41.9922	-40.0232	-44.2145	95.9052	0.00
0x50	 17:41:01.449	-19.2871	28.5034	41.9922	-40.6659	-43.7366	96.0535	0.00
0x50	 17:41:01.450	12.3901	0.7324	37.2314	-40.9680	-43.1927	96.1963	0.00
0x50	 17:41:01.450	12.3901	0.7324	37.2314	-41.2097	-42.7863	96.4655	0.00
0x50	 17:41:01.450	-7.6904	28.0762	46.2646	-41.3800	-42.5171	96.8610	0.00
0x50	 17:41:01.458	-7.6904	28.0762	46.2646	-41.6162	-42.1381	97.2015	0.00
0x50	 17:41:01.467	-41.3818	212.4023	105.6519	-41.9183	-41.6382	97.4762	0.00
0x50	 17:41:01.477	-41.3818	212.4023	105.6519	-42.0282	-40.2539	97.2125	0.00
0x50	 17:41:01.487	-40.3442	267.0898	62.3779	-41.9897	-37.9907	96.4380	0.00
0x50	 17:41:01.497	-40.3442	267.0898	62.3779	-41.7700	-35.6396	95.3174	0.00
0x50	 17:41:01.507	-133.4229	-43.7622	-34.6680	-41.4075	-33.1897	93.8837	0.00
0x50	 17:41:01.517	-133.4229	-43.7622	-34.6680	-41.9733	-32.2559	93.2410	0.00
0x50	 17:41:01.527	-173.4619	49.3164	-37.2925	-43.4015	-32.8271	93.3618	0.00
0x50	 17:41:01.537	-173.4619	49.3164	-37.2925	-44.7803	-33.0579	93.0542	0.00
0x50	 17:41:01.547	-80.9326	68.7866	-38.0859	-46.0986	-32.9590	92.3016	0.00
0x50	 17:41:01.557	-80.9326	68.7866	-38.0859	-46.9171	-32.7832	91.4832	0.00
0x50	 17:41:01.567	36.6821	61.7676	-59.5093	-47.2467	-32.5305	90.5933	0.00
0x50	 17:41:01.577	36.6821	61.7676	-59.5093	-46.9775	-32.3932	89.6704	0.00
0x50	 17:41:01.587	111.3892	-71.2280	-185.8521	-46.1096	-32.3547	88.7146	0.00
0x50	 17:41:01.597	111.3892	-71.2280	-185.8521	-44.9011	-33.2281	87.7972	0.00
0x50	 17:41:01.607	137.3901	-76.5381	-247.9248	-43.2861	-34.9969	86.8579	0.00
0x50	 17:41:01.619	137.3901	-76.5381	-247.9248	-41.2756	-36.9855	85.5231	0.00
0x50	 17:41:01.626	125.7935	50.5981	-222.8394	-38.8092	-39.1718	83.7268	0.00
0x50	 17:41:01.636	125.7935	50.5981	-222.8394	-35.9967	-40.6659	81.3757	0.00
0x50	 17:41:01.646	100.8911	2.3804	-141.1133	-32.9041	-41.4459	78.5413	0.00
0x50	 17:41:01.680	100.8911	2.3804	-141.1133	-30.2399	-42.0831	76.2012	0.00
0x50	 17:41:01.680	75.4395	-31.4941	-48.0957	-28.0316	-42.6270	74.3829	0.00
0x50	 17:41:01.680	75.4395	-31.4941	-48.0957	-26.3507	-43.1158	73.1854	0.00
0x50	 17:41:01.686	77.1484	-50.1709	-16.3574	-25.2136	-43.5773	72.6306	0.00
0x50	 17:41:01.696	77.1484	-50.1709	-16.3574	-24.2139	-44.0936	72.3065	0.00
0x50	 17:41:01.706	13.3667	-131.7749	-71.6553	-23.3569	-44.6704	72.2131	0.00
0x50	 17:41:01.716	13.3667	-131.7749	-71.6553	-22.7417	-45.7251	71.9989	0.00
0x50	 17:41:01.726	92.5293	83.6792	-85.0830	-22.3572	-47.2632	71.6473	0.00
0x50	 17:41:01.736	92.5293	83.6792	-85.0830	-21.0333	-47.7905	70.5652	0.00
0x50	 17:41:01.746	273.6206	214.5386	-24.2920	-18.8196	-47.2797	68.8129	0.00
0x50	 17:41:01.756	273.6206	214.5386	-24.2920	-15.7599	-46.0492	67.1814	0.00
0x50	 17:41:01.766	101.7456	143.1274	105.1636	-11.9806	-44.0826	65.8191	0.00
0x50	 17:41:01.776	101.7456	143.1274	105.1636	-9.8602	-42.4127	65.6213	0.00
0x50	 17:41:01.786	-144.1040	97.7783	150.6348	-9.2285	-41.0779	66.4178	0.00
0x50	 17:41:01.796	-144.1040	97.7783	150.6348	-10.1294	-39.9353	67.6208	0.00
0x50	 17:41:01.806	-284.4849	260.3149	35.2173	-12.5134	-38.9410	69.1534	0.00
0x50	 17:41:01.816	-284.4849	260.3149	35.2173	-14.9908	-37.1558	69.6918	0.00
0x50	 17:41:01.827	-239.2578	138.1836	4.6387	-17.5726	-34.6399	69.1974	0.00
0x50	 17:41:01.872	-239.2578	138.1836	4.6387	-19.8853	-32.6733	68.5986	0.00
0x50	 17:41:01.872	9.8877	14.4043	73.6694	-21.9562	-31.2341	67.9504	0.00
0x50	 17:41:01.872	9.8877	14.4043	73.6694	-23.1042	-30.2618	67.9285	0.00
0x50	 17:41:01.872	92.8955	32.7759	107.2388	-23.3350	-29.7290	68.5547	0.00
0x50	 17:41:01.874	92.8955	32.7759	107.2388	-23.2635	-29.0918	69.3842	0.00
0x50	 17:41:01.884	-2.9297	130.5542	87.8906	-22.8900	-28.3557	70.4169	0.00
0x50	 17:41:01.894	-2.9297	130.5542	87.8906	-22.8461	-27.2461	71.1365	0.00
0x50	 17:41:01.904	-52.7954	175.2930	50.5371	-23.1262	-25.7520	71.5430	0.00
0x50	 17:41:01.914	-52.7954	175.2930	50.5371	-23.4998	-24.0985	71.6199	0.00
0x50	 17:41:01.924	4.3335	224.4263	86.4258	-23.9777	-22.2858	71.3672	0.00
0x50	 17:41:01.934	4.3335	224.4263	86.4258	-24.1809	-20.1434	71.1530	0.00
0x50	 17:41:01.944	78.6133	186.2793	122.0093	-24.1205	-17.6715	70.9937	0.00
0x50	 17:41:01.954	78.6133	186.2793	122.0093	-23.7964	-15.3259	71.1310	0.00
0x50	 17:41:01.964	77.4536	34.1187	50.9644	-23.2086	-13.1122	71.5759	0.00
0x50	 17:41:01.975	77.4536	34.1187	50.9644	-22.5879	-11.7444	71.9769	0.00
0x50	 17:41:01.984	238.2813	2.8687	75.2563	-21.9452	-11.2115	72.3340	0.00
0x50	 17:41:01.994	238.2813	2.8687	75.2563	-20.5060	-10.7941	72.8558	0.00
0x50	 17:41:02.004	244.2627	108.5205	74.8291	-18.2922	-10.5029	73.5370	0.00
0x50	 17:41:02.014	244.2627	108.5205	74.8291	-16.0510	-9.7504	74.1028	0.00
0x50	 17:41:02.027	191.6504	71.2891	61.1572	-13.7823	-8.5309	74.5697	0.00
0x50	 17:41:02.076	191.6504	71.2891	61.1572	-11.7664	-7.5037	75.0366	0.00
0x50	 17:41:02.076	159.2407	-25.3906	37.2314	-9.9976	-6.6632	75.4926	0.00
0x50	 17:41:02.076	159.2407	-25.3906	37.2314	-8.4100	-6.3721	75.9485	0.00
0x50	 17:41:02.076	80.4443	-24.4141	-22.0947	-7.0093	-6.6248	76.3824	0.00
0x50	 17:41:02.076	80.4443	-24.4141	-22.0947	-5.9271	-6.9159	76.4868	0.00
0x50	 17:41:02.083	58.8379	23.6816	-32.5317	-5.1691	-7.2290	76.2671	0.00
0x50	 17:41:02.094	58.8379	23.6816	-32.5317	-4.4879	-7.2729	75.9705	0.00
0x50	 17:41:02.103	139.2212	-10.4370	-15.0757	-3.8947	-7.0367	75.5914	0.00
0x50	 17:41:02.114	139.2212	-10.4370	-15.0757	-2.9224	-6.9653	75.3168	0.00
0x50	 17:41:02.123	180.2368	-3.7842	-21.7896	-1.5656	-7.0477	75.1520	0.00
0x50	 17:41:02.133	180.2368	-3.7842	-21.7896	0.0000	-7.1136	74.9487	0.00
0x50	 17:41:02.143	133.6670	4.1504	-52.2461	1.7743	-7.1686	74.7070	0.00
0x50	 17:41:02.153	133.6670	4.1504	-52.2461	3.3508	-7.1521	74.3060	0.00
0x50	 17:41:02.163	137.5122	-39.5508	-47.4854	4.7296	-7.0532	73.7457	0.00
0x50	 17:41:02.173	137.5122	-39.5508	-47.4854	6.1194	-7.1466	73.1909	0.00
0x50	 17:41:02.183	158.6914	-62.7441	-21.2402	7.5201	-7.4268	72.6361	0.00
0x50	 17:41:02.194	158.6914	-62.7441	-21.2402	9.0253	-7.8442	72.1912	0.00
0x50	 17:41:02.203	158.6914	-49.1943	-31.1279	10.6183	-8.4045	71.8451	0.00
0x50	 17:41:02.213	158.6914	-49.1943	-31.1279	12.2223	-8.8879	71.4551	0.00
0x50	 17:41:02.223	180.1758	-25.0244	-26.4893	13.8373	-9.2999	71.0211	0.00
0x50	 17:41:02.235	180.1758	-25.0244	-26.4893	15.5566	-9.5801	70.6311	0.00
0x50	 17:41:02.244	183.6548	-48.1567	-10.5591	17.3804	-9.7174	70.2795	0.00
0x50	 17:41:02.253	183.6548	-48.1567	-10.5591	19.2261	-9.9811	69.9719	0.00
0x50	 17:41:02.263	180.0537	-79.0405	-8.2397	21.0883	-10.3601	69.6808	0.00
0x50	 17:41:02.273	180.0537	-79.0405	-8.2397	22.9669	-10.8984	69.3292	0.00
0x50	 17:41:02.317	136.3525	-59.5703	-16.5405	24.8566	-11.5906	68.9063	0.00
0x50	 17:41:02.317	136.3525	-59.5703	-16.5405	26.5375	-12.1729	68.4668	0.00
0x50	 17:41:02.317	121.2158	-36.5601	-26.5503	28.0042	-12.6453	68.0219	0.00
0x50	 17:41:02.317	121.2158	-36.5601	-26.5503	29.3555	-12.9694	67.5989	0.00
0x50	 17:41:02.323	193.9087	-88.0737	-18.9209	30.5804	-13.1396	67.2089	0.00
0x50	 17:41:02.333	193.9087	-88.0737	-18.9209	32.2064	-13.5352	66.7090	0.00
0x50	 17:41:02.342	205.4443	-99.7925	-16.9678	34.2444	-14.1449	66.0718	0.00
0x50	 17:41:02.352	205.4443	-99.7925	-16.9678	36.4197	-14.8206	65.3741	0.00
0x50	 17:41:02.362	147.8882	-102.6001	-29.0527	38.7378	-15.5402	64.6051	0.00
0x50	 17:41:02.372	147.8882	-102.6001	-29.0527	40.8582	-16.2158	63.7427	0.00
0x50	 17:41:02.383	34.0576	-38.0249	-53.1006	42.7863	-16.8420	62.7869	0.00
0x50	 17:41:02.392	34.0576	-38.0249	-53.1006	44.1266	-17.1112	61.9574	0.00
0x50	 17:41:02.402	-37.8418	7.0190	-49.8657	44.8627	-17.0453	61.2708	0.00
0x50	 17:41:02.412	-37.8418	7.0190	-49.8657	45.1758	-16.7981	60.7654	0.00
0x50	 17:41:02.422	-72.7539	10.1929	-4.3335	45.0659	-16.3806	60.4358	0.00
0x50	 17:41:02.434	-72.7539	10.1929	-4.3335	44.7473	-16.1115	60.2875	0.00
0x50	 17:41:02.442	-143.7988	82.3364	25.0244	44.2145	-15.9906	60.3094	0.00
0x50	 17:41:02.452	-143.7988	82.3364	25.0244	43.2312	-15.7214	60.7050	0.00
0x50	 17:41:02.462	-221.9849	141.3574	30.5176	41.8195	-15.2930	61.4520	0.00
0x50	 17:41:02.514	-221.9849	141.3574	30.5176	39.9463	-14.6393	62.4078	0.00
0x50	 17:41:02.514	-288.9404	169.4336	46.0815	37.6392	-13.7384	63.5449	0.00
0x50	 17:41:02.514	-288.9404	169.4336	46.0815	34.9530	-12.7057	64.7864	0.00
0x50	 17:41:02.514	-288.9404	169.4336	46.0815	31.9098	-11.5192	66.1047	0.00
0x50	 17:41:02.514	-332.2754	178.6499	61.7065	28.9215	-10.2777	67.3462	0.00
0x50	 17:41:02.521	-332.2754	178.6499	61.7065	25.3125	-8.9099	68.7579	0.00
0x50	 17:41:02.531	-293.0908	162.9028	76.8433	21.7694	-7.4652	70.0653	0.00
0x50	 17:41:02.541	-293.0908	162.9028	76.8433	18.5669	-6.1469	71.4166	0.00
0x50	 17:41:02.551	-279.2358	117.2485	69.2749	15.4193	-4.7681	72.6746	0.00
0x50	 17:41:02.561	-279.2358	117.2485	69.2749	12.4146	-3.7628	73.6963	0.00
0x50	 17:41:02.571	-246.0938	88.7451	46.3867	9.4482	-2.7136	74.6521	0.00
0x50	 17:41:02.581	-246.0938	88.7451	46.3867	6.8225	-1.8787	75.2948	0.00
0x50	 17:41:02.591	-220.7642	50.7813	43.2739	4.2242	-1.0107	75.8826	0.00
0x50	 17:41:02.601	-220.7642	50.7813	43.2739	1.9281	-0.5054	76.3605	0.00
0x50	 17:41:02.611	-248.4131	87.9517	39.5508	-0.3406	0.0055	76.8054	0.00
0x50	 17:41:02.621	-248.4131	87.9517	39.5508	-2.8839	0.9119	77.1790	0.00
0x50	 17:41:02.631	-273.9258	90.6372	33.6304	-5.4108	1.8237	77.5085	0.00
0x50	 17:41:02.641	-273.9258	90.6372	33.6304	-8.2123	2.8015	77.7448	0.00
0x50	 17:41:02.651	-166.2598	17.8223	33.8135	-10.9973	3.7903	77.9260	0.00
0x50	 17:41:02.661	-166.2598	17.8223	33.8135	-12.7167	4.0540	78.2446	0.00
0x50	 17:41:02.696	-67.8711	6.6528	36.3159	-14.4305	4.3231	78.5413	0.00
0x50	 17:41:02.696	-67.8711	6.6528	36.3159	-15.1886	4.4769	78.9093	0.00
0x50	 17:41:02.696	-41.7480	35.1563	31.0669	-15.9412	4.6307	79.2664	0.00
0x50	 17:41:02.701	-41.7480	35.1563	31.0669	-16.4630	5.0482	79.4971	0.00
0x50	 17:41:02.711	41.5039	9.2773	-4.6387	-16.9794	5.4657	79.7278	0.00
0x50	 17:41:02.721	41.5039	9.2773	-4.6387	-16.6937	5.5426	79.6893	0.00
0x50	 17:41:02.731	151.1230	-52.3071	-38.6353	-16.4081	5.6140	79.6509	0.00
0x50	 17:41:02.741	151.1230	-52.3071	-38.6353	-15.0348	5.0262	79.4476	0.00
0x50	 17:41:02.750	224.5483	-92.7734	-42.0532	-13.6725	4.4440	79.2334	0.00
0x50	 17:41:02.761	224.5483	-92.7734	-42.0532	-11.5576	3.4717	79.0466	0.00
0x50	 17:41:02.770	255.1270	-102.6001	-51.8799	-9.4592	2.5159	78.8324	0.00
0x50	 17:41:02.780	255.1270	-102.6001	-51.8799	-7.0313	1.4337	78.4753	0.00
0x50	 17:41:02.790	253.5400	-104.9805	-72.6929	-4.6143	0.3735	78.0798	0.00
0x50	 17:41:02.801	253.5400	-104.9805	-72.6929	-2.1259	-0.6702	77.3932	0.00
0x50	 17:41:02.810	234.8022	-109.8633	-78.4912	0.3516	-1.6864	76.6736	0.00
0x50	 17:41:02.826	234.8022	-109.8633	-78.4912	2.7411	-2.7686	75.8167	0.00
0x50	 17:41:02.830	220.0928	-90.5151	-78.6133	5.1361	-3.8068	74.9213	0.00
0x50	 17:41:02.843	220.0928	-90.5151	-78.6133	7.5256	-4.6362	73.9709	0.00
0x50	 17:41:02.880	164.0625	-89.9658	-62.2559	9.9152	-5.4163	72.9932	0.00
0x50	 17:41:02.881	164.0625	-89.9658	-62.2559	11.8542	-6.2238	72.1362	0.00
0x50	 17:41:02.881	86.4258	-59.8755	-43.1519	13.7933	-6.9928	71.2573	0.00
0x50	 17:41:02.881	86.4258	-59.8755	-43.1519	14.9744	-7.5201	70.6256	0.00
0x50	 17:41:02.890	-6.5918	-9.5215	-23.7427	16.1609	-8.0365	69.9829	0.00
0x50	 17:41:02.901	-6.5918	-9.5215	-23.7427	16.3641	-8.1079	69.6643	0.00
0x50	 17:41:02.911	-68.5425	18.0054	0.0610	16.5729	-8.1793	69.3402	0.00
0x50	 17:41:02.920	-68.5425	18.0054	0.0610	16.1005	-8.0365	69.3292	0.00
0x50	 17:41:02.930	-125.7324	33.3252	28.9917	15.6335	-7.8992	69.3127	0.00
0x50	 17:41:02.940	-125.7324	33.3252	28.9917	14.5514	-7.6904	69.6149	0.00
0x50	 17:41:02.950	-215.2710	96.7407	50.6592	13.4857	-7.4817	69.9115	0.00
0x50	 17:41:02.960	-215.2710	96.7407	50.6592	11.4148	-6.6907	70.5542	0.00
0x50	 17:41:02.969	-279.1138	147.9492	55.9082	9.3768	-5.8887	71.1694	0.00
0x50	 17:41:02.980	-279.1138	147.9492	55.9082	6.5204	-4.4934	71.9055	0.00
0x50	 17:41:02.990	-269.0430	120.6055	49.9878	3.7079	-3.0707	72.5647	0.00
0x50	 17:41:02.999	-269.0430	120.6055	49.9878	0.9229	-1.8457	73.1250	0.00
0x50	 17:41:03.009	-254.0283	95.9473	49.4995	-1.8292	-0.6042	73.6194	0.00
0x50	 17:41:03.019	-254.0283	95.9473	49.4995	-4.4714	0.4120	74.0918	0.00
0x50	 17:41:03.029	-239.6851	79.0405	40.5884	-7.0862	1.4447	74.5093	0.00
0x50	 17:41:03.042	-239.6851	79.0405	40.5884	-9.5911	2.3071	74.8389	0.00
0x50	 17:41:03.049	-190.8569	55.1147	25.2075	-12.0795	3.1750	75.1245	0.00
0x50	 17:41:03.059	-190.8569	55.1147	25.2075	-14.0900	3.7738	75.2838	0.00
0x50	 17:41:03.075	-140.8691	62.5610	20.2026	-16.0895	4.3726	75.4156	0.00
0x50	 17:41:03.079	-140.8691	62.5610	20.2026	-17.5891	5.0372	75.4651	0.00
0x50	 17:41:03.119	-40.6494	27.5879	14.6484	-19.0887	5.7019	75.4871	0.00
0x50	 17:41:03.119	-40.6494	27.5879	14.6484	-19.6106	6.0205	75.5804	0.00
0x50	 17:41:03.119	166.8091	-64.8193	1.4038	-20.1270	6.3336	75.6683	0.00
0x50	 17:41:03.119	166.8091	-64.8193	1.4038	-18.5779	5.7184	75.9485	0.00
0x50	 17:41:03.129	146.4844	-48.4619	-38.5132	-17.0398	5.0977	76.2122	0.00
0x50	 17:41:03.139	146.4844	-48.4619	-38.5132	-15.7269	4.5044	76.0089	0.00
0x50	 17:41:03.149	185.9131	-50.3540	-63.2324	-14.4196	3.9166	75.8002	0.00
0x50	 17:41:03.158	185.9131	-50.3540	-63.2324	-12.6892	3.2959	75.3168	0.00
0x50	 17:41:03.168	277.4048	-94.8486	-60.5469	-10.9644	2.6971	74.8169	0.00
0x50	 17:41:03.178	277.4048	-94.8486	-60.5469	-8.2837	1.6919	74.3774	0.00
0x50	 17:41:03.188	276.6113	-113.4033	-76.4771	-5.6140	0.7196	73.8940	0.00
0x50	 17:41:03.198	276.6113	-113.4033	-76.4771	-2.8729	-0.4230	73.1854	0.00
0x50	 17:41:03.208	255.3711	-142.3950	-74.5850	-0.1318	-1.5216	72.4274	0.00
0x50	 17:41:03.218	255.3711	-142.3950	-74.5850	2.5433	-2.9004	71.5759	0.00
0x50	 17:41:03.228	222.8394	-136.3525	-61.0352	5.2350	-4.2242	70.6641	0.00
0x50	 17:41:03.237	222.8394	-136.3525	-61.0352	7.7234	-5.5701	69.8401	0.00
0x50	 17:41:03.247	114.3799	-79.2236	-50.3540	10.2283	-6.8719	68.9612	0.00
0x50	 17:41:03.258	114.3799	-79.2236	-50.3540	11.7004	-7.6025	68.2416	0.00
0x50	 17:41:03.270	25.5127	-19.9585	-22.5830	13.1781	-8.3112	67.5055	0.00
0x50	 17:41:03.304	25.5127	-19.9585	-22.5830	13.7054	-8.4814	67.1704	0.00
0x50	 17:41:03.304	-29.4800	12.0239	12.5732	14.2328	-8.6462	66.8298	0.00
0x50	 17:41:03.304	-29.4800	12.0239	12.5732	14.1229	-8.5913	66.9177	0.00
0x50	 17:41:03.307	-99.0601	33.4473	27.5269	14.0131	-8.5364	67.0001	0.00
0x50	 17:41:03.318	-99.0601	33.4473	27.5269	13.1561	-8.3167	67.2858	0.00
0x50	 17:41:03.327	-182.1289	53.6499	37.1094	12.3102	-8.0969	67.5659	0.00
0x50	 17:41:03.337	-182.1289	53.6499	37.1094	10.5853	-7.6685	67.9724	0.00
0x50	 17:41:03.347	-237.3657	92.9565	56.2134	8.8715	-7.2290	68.3624	0.00
0x50	 17:41:03.357	-237.3657	92.9565	56.2134	6.4929	-6.3721	68.9941	0.00
0x50	 17:41:03.367	-250.8545	103.2104	67.3828	4.1418	-5.4932	69.5819	0.00
0x50	 17:41:03.377	-250.8545	103.2104	67.3828	1.5381	-4.4659	70.2960	0.00
0x50	 17:41:03.387	-228.3325	75.5005	66.5283	-1.0217	-3.4167	70.9552	0.00
0x50	 17:41:03.397	-228.3325	75.5005	66.5283	-3.4277	-2.6038	71.6144	0.00
0x50	 17:41:03.407	-211.0596	59.8755	54.2603	-5.8118	-1.7743	72.2351	0.00
0x50	 17:41:03.417	-211.0596	59.8755	54.2603	-8.0420	-1.1041	72.7405	0.00
0x50	 17:41:03.427	-204.7729	46.6919	37.2925	-10.2557	-0.4120	73.2129	0.00
0x50	 17:41:03.437	-204.7729	46.6919	37.2925	-12.4036	0.1318	73.5205	0.00
0x50	 17:41:03.447	-138.7939	34.1187	34.2407	-14.5349	0.6866	73.8007	0.00
0x50	 17:41:03.457	-138.7939	34.1187	34.2407	-16.0126	1.1151	74.0753	0.00
0x50	 17:41:03.484	-37.9028	0.1221	16.6626	-17.4792	1.5436	74.3335	0.00
0x50	 17:41:03.484	-37.9028	0.1221	16.6626	-17.9736	1.6040	74.5367	0.00
0x50	 17:41:03.486	115.2954	-57.3120	10.4980	-18.4570	1.6699	74.7345	0.00
0x50	 17:41:03.496	115.2954	-57.3120	10.4980	-17.4298	1.1591	75.0641	0.00
0x50	 17:41:03.506	88.9893	-41.6870	-12.8784	-16.4081	0.6427	75.3772	0.00
0x50	 17:41:03.516	88.9893	-41.6870	-12.8784	-15.6445	0.1813	75.4047	0.00
0x50	 17:41:03.526	75.0732	-8.8501	-50.3540	-14.8810	-0.2747	75.4266	0.00
0x50	 17:41:03.536	75.0732	-8.8501	-50.3540	-14.1998	-0.4889	74.9652	0.00
0x50	 17:41:03.546	166.0156	-55.3589	-50.2319	-13.5242	-0.6921	74.5093	0.00
0x50	 17:41:03.556	166.0156	-55.3589	-50.2319	-11.9037	-1.3074	74.1302	0.00
0x50	 17:41:03.566	228.8818	-100.8301	-48.9502	-10.2942	-1.9006	73.7347	0.00
0x50	 17:41:03.576	228.8818	-100.8301	-48.9502	-8.0090	-2.9333	73.3777	0.00
0x50	 17:41:03.586	188.4155	-98.1445	-56.0913	-5.7294	-3.9496	72.9877	0.00
0x50	 17:41:03.596	188.4155	-98.1445	-56.0913	-3.8232	-4.9823	72.4823	0.00
0x50	 17:41:03.606	163.3301	-84.6558	-68.2983	-1.9226	-5.9930	71.9495	0.00
0x50	 17:41:03.616	163.3301	-84.6558	-68.2983	-0.2032	-6.8555	71.2354	0.00
0x50	 17:41:03.626	144.0430	-81.7261	-64.8193	1.5216	-7.6904	70.5048	0.00
0x50	 17:41:03.636	144.0430	-81.7261	-64.8193	3.1366	-8.5034	69.7577	0.00
0x50	 17:41:03.646	104.0039	-58.1665	-43.1519	4.7571	-9.2889	68.9941	0.00
0x50	 17:41:03.656	104.0039	-58.1665	-43.1519	6.0315	-9.8383	68.4229	0.00
0x50	 17:41:03.666	54.0161	-54.1992	-5.3711	7.3059	-10.3711	67.8406	0.00
0x50	 17:41:03.676	54.0161	-54.1992	-5.3711	8.0640	-10.9204	67.6263	0.00
0x50	 17:41:03.685	-9.2163	-57.7393	21.1792	8.8220	-11.4642	67.4066	0.00
0x50	 17:41:03.716	-9.2163	-57.7393	21.1792	8.9539	-12.1124	67.4396	0.00
0x50	 17:41:03.716	-87.2192	3.5400	49.0112	9.0857	-12.7606	67.4670	0.00
0x50	 17:41:03.716	-87.2192	3.5400	49.0112	8.3716	-12.8705	67.8735	0.00
0x50	 17:41:03.725	-197.3877	100.9521	63.5986	7.6630	-12.9749	68.2855	0.00
0x50	 17:41:03.735	-197.3877	100.9521	63.5986	5.7184	-12.1069	68.9612	0.00
0x50	 17:41:03.745	-281.8604	164.4287	74.8901	3.8013	-11.2225	69.6039	0.00
0x50	 17:41:03.755	-281.8604	164.4287	74.8901	0.8459	-9.5911	70.3949	0.00
0x50	 17:41:03.765	-278.0151	159.6069	79.0405	-2.0490	-7.9266	71.0925	0.00
0x50	 17:41:03.775	-278.0151	159.6069	79.0405	-5.0043	-6.2402	71.8121	0.00
0x50	 17:41:03.786	-208.4961	111.6333	80.7495	-7.9102	-4.5264	72.4329	0.00
0x50	 17:41:03.795	-208.4961	111.6333	80.7495	-10.1569	-3.2574	73.1140	0.00
0x50	 17:41:03.805	-121.2769	54.6265	60.4248	-12.3761	-1.9775	73.7292	0.00
0x50	 17:41:03.815	-121.2769	54.6265	60.4248	-13.7329	-1.2964	74.2566	0.00
0x50	 17:41:03.825	-49.6826	19.6533	24.1089	-15.0787	-0.6097	74.7565	0.00
0x50	 17:41:03.835	-49.6826	19.6533	24.1089	-15.7104	-0.3516	74.9982	0.00
0x50	 17:41:03.850	95.6421	-47.0581	-3.2349	-16.3367	-0.0934	75.2344	0.00
0x50	 17:41:03.860	95.6421	-47.0581	-3.2349	-15.5237	-0.5493	75.3937	0.00
0x50	 17:41:03.865	114.5020	-35.8887	-20.8740	-14.7162	-0.9998	75.5475	0.00
0x50	 17:41:03.898	114.5020	-35.8887	-20.8740	-13.7000	-1.4117	75.4816	0.00
0x50	 17:41:03.898	128.9063	-25.3296	-56.2744	-12.6892	-1.8182	75.4047	0.00
0x50	 17:41:03.898	128.9063	-25.3296	-56.2744	-11.4917	-2.1643	74.9323	0.00
0x50	 17:41:03.905	245.6665	-90.3931	-66.8945	-10.2997	-2.4994	74.4598	0.00
0x50	 17:41:03.915	245.6665	-90.3931	-66.8945	-7.9156	-3.4497	73.9600	0.00
0x50	 17:41:03.925	294.7998	-127.3804	-72.3267	-5.5426	-4.3781	73.4216	0.00
0x50	 17:41:03.934	294.7998	-127.3804	-72.3267	-2.6312	-5.6744	72.7954	0.00
0x50	 17:41:03.945	262.3901	-115.1733	-88.1348	0.2802	-6.9379	72.1143	0.00
0x50	 17:41:03.954	262.3901	-115.1733	-88.1348	3.1091	-8.1024	71.2628	0.00
0x50	 17:41:03.964	206.7871	-126.7090	-91.0645	5.8557	-9.1626	70.2576	0.00
0x50	 17:41:03.975	206.7871	-126.7090	-91.0645	8.4375	-10.2393	69.1479	0.00
0x50	 17:41:03.984	150.1465	-115.6006	-64.2090	10.8600	-11.3379	67.9395	0.00
0x50	 17:41:03.994	150.1465	-115.6006	-64.2090	13.0408	-12.3651	66.8243	0.00
0x50	 17:41:04.004	71.5942	-67.2607	-18.7378	14.9854	-13.3429	65.8081	0.00
0x50	 17:41:04.014	71.5942	-67.2607	-18.7378	16.4905	-14.1229	65.0555	0.00
0x50	 17:41:04.024	4.5776	-9.0942	17.0288	17.5562	-14.7272	64.5776	0.00
0x50	 17:41:04.034	4.5776	-9.0942	17.0288	18.2098	-15.1227	64.3689	0.00
0x50	 17:41:04.044	-89.7217	66.2842	26.9165	18.4570	-15.3149	64.4238	0.00
0x50	 17:41:04.082	-89.7217	66.2842	26.9165	18.1604	-15.1611	64.6545	0.00
0x50	 17:41:04.082	-176.3916	108.4595	39.4287	17.3364	-14.6667	65.0555	0.00
0x50	 17:41:04.082	-176.3916	108.4595	39.4287	16.0126	-13.9581	65.5719	0.00
0x50	 17:41:04.084	-210.9985	118.3472	53.6499	14.1998	-13.0298	66.1871	0.00
0x50	 17:41:04.094	-210.9985	118.3472	53.6499	12.1729	-12.0245	66.8628	0.00
0x50	 17:41:04.104	-200.0732	106.5674	66.7725	9.9426	-10.9479	67.5934	0.00
0x50	 17:41:04.114	-200.0732	106.5674	66.7725	7.7399	-9.9042	68.3514	0.00
0x50	 17:41:04.124	-179.6875	85.8765	64.5752	5.5756	-8.8934	69.1370	0.00
0x50	 17:41:04.134	-179.6875	85.8765	64.5752	3.5046	-7.9596	69.8840	0.00
0x50	 17:41:04.144	-166.0767	70.4956	52.6733	1.5326	-7.1027	70.5872	0.00
0x50	 17:41:04.153	-166.0767	70.4956	52.6733	-0.3571	-6.3007	71.2134	0.00
0x50	 17:41:04.164	-132.5073	49.7437	34.9731	-2.1808	-5.5646	71.7572	0.00
0x50	 17:41:04.173	-132.5073	49.7437	34.9731	-3.8232	-4.9164	72.2021	0.00
0x50	 17:41:04.183	-75.8057	23.8037	19.1040	-5.2954	-4.3726	72.5537	0.00
0x50	 17:41:04.193	-75.8057	23.8037	19.1040	-6.4709	-3.9661	72.8229	0.00
0x50	 17:41:04.203	-21.4844	9.8877	4.0283	-7.3608	-3.6914	73.0261	0.00
0x50	 17:41:04.213	-21.4844	9.8877	4.0283	-7.9651	-3.4937	73.1525	0.00
0x50	 17:41:04.224	29.5410	-7.5684	-8.9111	-8.2947	-3.3838	73.2129	0.00
0x50	 17:41:04.233	29.5410	-7.5684	-8.9111	-8.3606	-3.3673	73.2184	0.00
0x50	 17:41:04.243	64.5142	-20.6909	-20.0806	-8.1628	-3.4387	73.1580	0.00
0x50	 17:41:04.253	64.5142	-20.6909	-20.0806	-7.7728	-3.5870	73.0481	0.00
0x50	 17:41:04.264	81.1768	-28.0151	-28.9917	-7.1960	-3.8068	72.8888	0.00
0x50	 17:41:04.273	81.1768	-28.0151	-28.9917	-6.5204	-4.0649	72.6746	0.00
0x50	 17:41:04.283	99.6094	-39.0625	-29.9683	-5.7458	-4.3506	72.4109	0.00
0x50	 17:41:04.315	99.6094	-39.0625	-29.9683	-4.8669	-4.6967	72.1307	0.00
0x50	 17:41:04.315	101.7456	-42.5415	-31.1279	-3.8837	-5.0922	71.8451	0.00
0x50	 17:41:04.315	101.7456	-42.5415	-31.1279	-2.8784	-5.4987	71.5430	0.00
0x50	 17:41:04.323	90.0879	-43.2739	-29.6021	-1.8457	-5.9216	71.2189	0.00
0x50	 17:41:04.333	90.0879	-43.2739	-29.6021	-0.8514	-6.3446	70.8838	0.00
0x50	 17:41:04.343	69.6411	-65.0635	-25.3296	0.0934	-6.7676	70.5487	0.00
0x50	 17:41:04.353	69.6411	-65.0635	-25.3296	0.9778	-7.3059	70.2136	0.00
0x50	 17:41:04.363	33.6304	-55.2979	-9.7046	1.7908	-7.9541	69.8785	0.00
0x50	 17:41:04.373	33.6304	-55.2979	-9.7046	2.4500	-8.5638	69.6149	0.00
0x50	 17:41:04.382	-31.1279	5.8594	10.8643	2.9498	-9.1461	69.4116	0.00
0x50	 17:41:04.393	-31.1279	5.8594	10.8643	3.1146	-9.4318	69.3347	0.00
0x50	 17:41:04.402	-93.3228	54.5654	30.0903	2.9333	-9.4208	69.3732	0.00
0x50	 17:41:04.413	-93.3228	54.5654	30.0903	2.3950	-9.1571	69.5270	0.00
0x50	 17:41:04.422	-126.6479	68.7866	33.8135	1.4996	-8.6407	69.7906	0.00
0x50	 17:41:04.432	-126.6479	68.7866	33.8135	0.3955	-8.0365	70.0763	0.00
0x50	 17:41:04.442	-126.5869	59.6924	36.0718	-0.8954	-7.3389	70.3839	0.00
0x50	 17:41:04.452	-126.5869	59.6924	36.0718	-2.2192	-6.6742	70.6970	0.00
0x50	 17:41:04.462	-102.3560	41.6870	35.7056	-3.5596	-6.0425	71.0211	0.00
0x50	 17:41:04.496	-102.3560	41.6870	35.7056	-4.7845	-5.4877	71.3452	0.00
0x50	 17:41:04.496	-77.0264	40.0391	30.6396	-5.8997	-5.0208	71.6693	0.00
0x50	 17:41:04.496	-77.0264	40.0391	30.6396	-6.8994	-4.5648	71.9714	0.00
0x50	 17:41:04.501	-49.1333	36.9263	19.5923	-7.7728	-4.1144	72.2461	0.00
0x50	 17:41:04.511	-49.1333	36.9263	19.5923	-8.5144	-3.6914	72.4658	0.00
0x50	 17:41:04.521	6.4697	6.4697	0.5493	-9.1187	-3.2849	72.6361	0.00
0x50	 17:41:04.531	6.4697	6.4697	0.5493	-9.4373	-3.0432	72.7350	0.00
0x50	 17:41:04.541	66.0400	-26.9775	-15.8081	-9.4812	-2.9608	72.7679	0.00
0x50	 17:41:04.551	66.0400	-26.9775	-15.8081	-9.2175	-3.0652	72.7350	0.00
0x50	 17:41:04.561	87.1582	-31.3721	-27.0386	-8.6462	-3.3453	72.6471	0.00
0x50	 17:41:04.571	87.1582	-31.3721	-27.0386	-7.9541	-3.6530	72.4933	0.00
0x50	 17:41:04.581	99.3042	-32.2876	-33.1421	-7.1411	-3.9935	72.2736	0.00
0x50	 17:41:04.591	99.3042	-32.2876	-33.1421	-6.2567	-4.3341	72.0154	0.00
0x50	 17:41:04.601	112.2437	-41.4429	-35.6445	-5.2899	-4.6692	71.7078	0.00
0x50	 17:41:04.611	112.2437	-41.4429	-35.6445	-4.2517	-5.0537	71.3837	0.00
0x50	 17:41:04.620	115.3564	-43.5181	-35.1563	-3.1311	-5.4712	71.0376	0.00
0x50	 17:41:04.630	115.3564	-43.5181	-35.1563	-1.9830	-5.8942	70.6805	0.00
0x50	 17:41:04.641	106.5674	-42.1143	-35.6445	-0.8075	-6.3281	70.3125	0.00
0x50	 17:41:04.650	106.5674	-42.1143	-35.6445	0.3296	-6.7511	69.9280	0.00
0x50	 17:41:04.660	91.9189	-41.6260	-34.6069	1.4392	-7.1576	69.5325	0.00
0x50	 17:41:04.670	91.9189	-41.6260	-34.6069	2.4939	-7.5641	69.1260	0.00
0x50	 17:41:04.680	66.9556	-40.4663	-29.6021	3.4882	-7.9596	68.7140	0.00
0x50	 17:41:04.691	66.9556	-40.4663	-29.6021	4.3726	-8.3496	68.3185	0.00
0x50	 17:41:04.726	39.1235	-36.6821	-17.7002	5.1526	-8.7341	67.9340	0.00
0x50	 17:41:04.726	39.1235	-36.6821	-17.7002	5.8063	-9.1022	67.6044	0.00
0x50	 17:41:04.726	3.6011	-15.6860	1.7090	6.3281	-9.4537	67.3242	0.00
0x50	 17:41:04.730	3.6011	-15.6860	1.7090	6.6687	-9.7174	67.1484	0.00
0x50	 17:41:04.740	-42.3584	16.1133	21.5454	6.8280	-9.8932	67.0825	0.00
0x50	 17:41:04.750	-42.3584	16.1133	21.5454	6.7236	-9.9207	67.1320	0.00
0x50	 17:41:04.760	-96.4966	51.0254	26.6113	6.3666	-9.8108	67.3077	0.00
0x50	 17:41:04.770	-96.4966	51.0254	26.6113	5.7019	-9.5251	67.5385	0.00
0x50	 17:41:04.780	-121.3379	65.8569	27.2827	4.7351	-9.0582	67.8131	0.00
0x50	 17:41:04.790	-121.3379	65.8569	27.2827	3.6145	-8.5034	68.1042	0.00
0x50	 17:41:04.800	-107.1167	65.6128	34.7900	2.3511	-7.8497	68.3954	0.00
0x50	 17:41:04.810	-107.1167	65.6128	34.7900	1.1371	-7.1851	68.7250	0.00
0x50	 17:41:04.820	-72.7539	53.2227	35.7056	-0.0275	-6.5149	69.0875	0.00
0x50	 17:41:04.830	-72.7539	53.2227	35.7056	-1.0327	-5.8942	69.4556	0.00
0x50	 17:41:04.839	-26.9165	28.4424	19.9585	-1.8896	-5.3394	69.8291	0.00
0x50	 17:41:04.850	-26.9165	28.4424	19.9585	-2.5214	-4.9054	70.1257	0.00
0x50	 17:41:04.860	32.3486	-9.3384	-6.5308	-2.9279	-4.6033	70.3564	0.00
0x50	 17:41:04.870	32.3486	-9.3384	-6.5308	-3.0267	-4.4934	70.4663	0.00
0x50	 17:41:04.905	74.1577	-23.6816	-22.6440	-2.8180	-4.5813	70.4443	0.00
0x50	 17:41:04.905	74.1577	-23.6816	-22.6440	-2.3840	-4.7461	70.3400	0.00
0x50	 17:41:04.905	99.5483	-34.3018	-30.7617	-1.7194	-4.9768	70.1477	0.00
0x50	 17:41:04.909	99.5483	-34.3018	-30.7617	-0.9119	-5.2625	69.9060	0.00
0x50	 17:41:04.919	114.6851	-55.5420	-34.7290	0.0385	-5.5865	69.6094	0.00
0x50	 17:41:04.929	114.6851	-55.5420	-34.7290	1.0876	-6.0150	69.2743	0.00
0x50	 17:41:04.939	113.0371	-73.3643	-39.1846	2.2357	-6.5369	68.9063	0.00
0x50	 17:41:04.949	113.0371	-73.3643	-39.1846	3.4167	-7.1521	68.4778	0.00
0x50	 17:41:04.959	83.1909	-72.1436	-34.6680	4.6362	-7.8607	67.9999	0.00
0x50	 17:41:04.969	83.1909	-72.1436	-34.6680	5.7568	-8.5583	67.5110	0.00
0x50	 17:41:04.979	24.0479	-32.4097	-14.3433	6.7786	-9.2560	67.0221	0.00
0x50	 17:41:04.989	24.0479	-32.4097	-14.3433	7.5092	-9.7668	66.6486	0.00
0x50	 17:41:04.999	-36.1328	12.4512	12.1460	7.9486	-10.0909	66.3904	0.00
0x50	 17:41:05.009	-36.1328	12.4512	12.1460	8.0475	-10.2063	66.3025	0.00
0x50	 17:41:05.019	-78.9795	38.2690	31.4331	7.8003	-10.1184	66.3739	0.00
0x50	 17:41:05.029	-78.9795	38.2690	31.4331	7.2894	-9.9097	66.5717	0.00
0x50	 17:41:05.039	-113.5254	66.5894	35.7666	6.5149	-9.5856	66.8903	0.00
0x50	 17:41:05.049	-113.5254	66.5894	35.7666	5.5316	-9.1132	67.2473	0.00
0x50	 17:41:05.059	-120.9106	84.7168	38.6353	4.3396	-8.4869	67.6483	0.00
0x50	 17:41:05.069	-120.9106	84.7168	38.6353	3.0817	-7.7509	68.0658	0.00
0x50	 17:41:05.078	-94.4824	73.8525	37.2314	1.7688	-6.9104	68.4998	0.00
0x50	 17:41:05.088	-94.4824	73.8525	37.2314	0.5658	-6.1084	68.9172	0.00
0x50	 17:41:05.098	-19.8975	24.3530	18.6768	-0.5164	-5.3503	69.3292	0.00
0x50	 17:41:05.108	-19.8975	24.3530	18.6768	-1.2360	-4.8395	69.6478	0.00
0x50	 17:41:05.134	55.7861	-20.7520	-9.4604	-1.5820	-4.5758	69.8895	0.00
0x50	 17:41:05.135	55.7861	-20.7520	-9.4604	-1.5436	-4.5428	69.9884	0.00
0x50	 17:41:05.138	89.4775	-28.1982	-27.0996	-1.1096	-4.7461	69.9554	0.00
0x50	 17:41:05.149	89.4775	-28.1982	-27.0996	-0.4889	-4.9823	69.8181	0.00
0x50	 17:41:05.158	124.2676	-38.9404	-36.4990	0.3076	-5.2515	69.5874	0.00
0x50	 17:41:05.168	124.2676	-38.9404	-36.4990	1.3019	-5.5701	69.3018	0.00
0x50	 17:41:05.178	163.5742	-58.4717	-45.7764	2.4719	-5.9271	68.9557	0.00
0x50	 17:41:05.188	163.5742	-58.4717	-45.7764	3.8672	-6.3776	68.5382	0.00
0x50	 17:41:05.198	174.1943	-64.2700	-49.2554	5.4877	-6.9049	68.0493	0.00
0x50	 17:41:05.208	174.1943	-64.2700	-49.2554	7.1906	-7.4487	67.5110	0.00
0x50	 17:41:05.218	161.1328	-64.4531	-48.8892	8.9868	-8.0090	66.9232	0.00
0x50	 17:41:05.228	161.1328	-64.4531	-48.8892	10.7501	-8.5419	66.3025	0.00
0x50	 17:41:05.238	132.2021	-80.9326	-43.0298	12.4915	-9.0582	65.6543	0.00
0x50	 17:41:05.248	132.2021	-80.9326	-43.0298	14.1229	-9.6515	64.9951	0.00
0x50	 17:41:05.258	93.2007	-79.2847	-25.6958	15.6555	-10.3162	64.3140	0.00
0x50	 17:41:05.268	93.2007	-79.2847	-25.6958	17.0068	-10.9863	63.7042	0.00
0x50	 17:41:05.278	34.1797	-44.5557	-7.1411	18.1824	-11.6785	63.1604	0.00
0x50	 17:41:05.312	34.1797	-44.5557	-7.1411	19.0393	-12.2278	62.7484	0.00
0x50	 17:41:05.312	-22.0337	7.9956	6.5918	19.5831	-12.6508	62.4792	0.00
0x50	 17:41:05.312	-22.0337	7.9956	6.5918	19.8029	-12.8485	62.3694	0.00
0x50	 17:41:05.317	-73.9746	45.5322	13.9160	19.6930	-12.8265	62.4188	0.00
0x50	 17:41:05.328	-73.9746	45.5322	13.9160	19.2755	-12.6288	62.5726	0.00
0x50	 17:41:05.337	-102.1118	52.9785	23.4985	18.5559	-12.2498	62.8253	0.00
0x50	 17:41:05.347	-102.1118	52.9785	23.4985	17.6550	-11.8433	63.1384	0.00
0x50	 17:41:05.357	-98.5107	41.7480	29.9683	16.5729	-11.3928	63.5120	0.00
0x50	 17:41:05.367	-98.5107	41.7480	29.9683	15.4962	-11.0028	63.9075	0.00
0x50	 17:41:05.377	-98.5107	41.7480	29.9683	14.4086	-10.6677	64.3140	0.00
0x50	 17:41:05.387	-90.0879	28.6255	27.2217	13.3374	-10.3217	64.7095	0.00
0x50	 17:41:05.397	-90.0879	28.6255	27.2217	12.3322	-10.0964	65.0555	0.00
0x50	 17:41:05.407	-92.5903	28.9307	26.0010	11.3379	-9.8602	65.3906	0.00
0x50	 17:41:05.417	-92.5903	28.9307	26.0010	10.3162	-9.6185	65.7202	0.00
0x50	 17:41:05.427	-88.0127	30.0903	21.1792	9.2999	-9.3768	66.0388	0.00
0x50	 17:41:05.437	-88.0127	30.0903	21.1792	8.3112	-9.1022	66.3135	0.00
0x50	 17:41:05.447	-66.2231	21.7285	16.6626	7.3389	-8.8330	66.5826	0.00
0x50	 17:41:05.457	-66.2231	21.7285	16.6626	6.5808	-8.6298	66.7969	0.00
0x50	 17:41:05.467	-46.9360	18.0664	12.3291	5.8337	-8.4265	67.0056	0.00
0x50	 17:41:05.477	-46.9360	18.0664	12.3291	5.2844	-8.2562	67.1649	0.00
0x50	 17:41:05.487	-35.7666	18.6157	8.1787	4.7351	-8.0804	67.3187	0.00
0x50	 17:41:05.497	-35.7666	18.6157	8.1787	4.3121	-7.8992	67.4341	0.00
0x50	 17:41:05.507	-19.0430	13.0005	4.6387	3.8892	-7.7124	67.5439	0.00
0x50	 17:41:05.542	-19.0430	13.0005	4.6387	3.6365	-7.5751	67.6099	0.00
0x50	 17:41:05.542	-1.9531	3.7231	0.0000	3.3893	-7.4432	67.6758	0.00
0x50	 17:41:05.542	-1.9531	3.7231	0.0000	3.3234	-7.3938	67.6868	0.00
0x50	 17:41:05.547	11.2305	-5.5542	-3.1738	3.2574	-7.3444	67.6923	0.00
0x50	 17:41:05.556	11.2305	-5.5542	-3.1738	3.3453	-7.3938	67.6593	0.00
0x50	 17:41:05.567	16.1743	-6.1035	-4.1504	3.4277	-7.4377	67.6263	0.00
0x50	 17:41:05.576	16.1743	-6.1035	-4.1504	3.5815	-7.4982	67.5714	0.00
0x50	 17:41:05.586	4.4556	2.7466	-4.1504	3.7354	-7.5531	67.5165	0.00
0x50	 17:41:05.596	4.4556	2.7466	-4.1504	3.7793	-7.5201	67.4561	0.00
0x50	 17:41:05.606	6.4697	-0.7935	-1.4038	3.8287	-7.4872	67.4011	0.00
0x50	 17:41:05.616	6.4697	-0.7935	-1.4038	3.8892	-7.4872	67.3737	0.00
0x50	 17:41:05.626	6.8359	-3.1128	-0.6104	3.9441	-7.4872	67.3462	0.00
0x50	 17:41:05.636	6.8359	-3.1128	-0.6104	4.0155	-7.5201	67.3187	0.00
0x50	 17:41:05.646	-3.1738	2.1362	-0.1221	4.0814	-7.5476	67.2913	0.00
0x50	 17:41:05.656	-3.1738	2.1362	-0.1221	4.0485	-7.5256	67.2803	0.00
0x50	 17:41:05.666	-5.7983	4.0283	1.2207	4.0155	-7.5037	67.2638	0.00
0x50	 17:41:05.678	-5.7983	4.0283	1.2207	3.9496	-7.4597	67.2638	0.00
0x50	 17:41:05.686	-5.9204	3.4790	2.2583	3.8837	-7.4213	67.2638	0.00
0x50	 17:41:05.696	-5.9204	3.4790	2.2583	3.8068	-7.3828	67.2803	0.00
0x50	 17:41:05.729	-3.6011	1.4648	0.7935	3.7299	-7.3444	67.2913	0.00
0x50	 17:41:05.729	-3.6011	1.4648	0.7935	3.6694	-7.3224	67.2913	0.00
0x50	 17:41:05.729	-1.5869	0.0000	1.0376	3.6145	-7.3059	67.2913	0.00
0x50	 17:41:05.736	-1.5869	0.0000	1.0376	3.5815	-7.3059	67.2913	0.00
0x50	 17:41:05.746	1.1597	-0.3662	-0.5493	3.5431	-7.3004	67.2913	0.00
0x50	 17:41:05.756	1.1597	-0.3662	-0.5493	3.5376	-7.3004	67.2748	0.00
0x50	 17:41:05.772	1.1597	-0.1831	-0.2441	3.5321	-7.3059	67.2638	0.00
0x50	 17:41:05.778	1.1597	-0.1831	-0.2441	3.5321	-7.3059	67.2473	0.00
0x50	 17:41:05.785	-0.4272	0.3052	-0.7935	3.5321	-7.3059	67.2363	0.00
0x50	 17:41:05.795	-0.4272	0.3052	-0.7935	3.5156	-7.2949	67.2144	0.00
0x50	 17:41:05.805	-0.4883	-1.5869	0.0000	3.5046	-7.2894	67.1924	0.00
0x50	 17:41:05.814	-0.4883	-1.5869	0.0000	3.4882	-7.3004	67.1759	0.00
0x50	 17:41:05.824	2.3804	-2.8687	1.4038	3.4772	-7.3059	67.1649	0.00
0x50	 17:41:05.834	2.3804	-2.8687	1.4038	3.4882	-7.3389	67.1649	0.00
0x50	 17:41:05.844	-3.3569	0.1221	-0.4883	3.4937	-7.3663	67.1704	0.00
0x50	 17:41:05.854	-3.3569	0.1221	-0.4883	3.4497	-7.3608	67.1539	0.00
0x50	 17:41:05.864	1.4648	-1.2817	0.6714	3.4003	-7.3553	67.1375	0.00
0x50	 17:41:05.874	1.4648	-1.2817	0.6714	3.4058	-7.3663	67.1375	0.00
0x50	 17:41:05.884	1.0986	0.0000	1.0376	3.4058	-7.3773	67.1320	0.00
0x50	 17:41:05.894	1.0986	0.0000	1.0376	3.4003	-7.3773	67.1320	0.00
0x50	 17:41:05.904	0.0000	1.4038	0.2441	3.4003	-7.3773	67.1375	0.00
0x50	 17:41:05.914	0.0000	1.4038	0.2441	3.3838	-7.3608	67.1320	0.00
0x50	 17:41:05.924	0.5493	0.5493	-1.0986	3.3673	-7.3499	67.1265	0.00
0x50	 17:41:05.958	0.5493	0.5493	-1.0986	3.3618	-7.3389	67.1100	0.00
0x50	 17:41:05.958	1.5259	0.3052	-0.6714	3.3563	-7.3334	67.0935	0.00
0x50	 17:41:05.958	1.5259	0.3052	-0.6714	3.3673	-7.3224	67.0770	0.00
0x50	 17:41:05.964	-0.4883	2.4414	0.4883	3.3728	-7.3169	67.0605	0.00
0x50	 17:41:05.974	-0.4883	2.4414	0.4883	3.3618	-7.2949	67.0605	0.00
0x50	 17:41:05.984	-4.3335	4.9438	-0.0610	3.3508	-7.2675	67.0551	0.00
0x50	 17:41:05.994	-4.3335	4.9438	-0.0610	3.2959	-7.2180	67.0496	0.00
0x50	 17:41:06.004	-2.0752	2.3193	0.0000	3.2410	-7.1686	67.0441	0.00
0x50	 17:41:06.014	-2.0752	2.3193	0.0000	3.2025	-7.1411	67.0386	0.00
0x50	 17:41:06.024	1.4648	-0.1831	0.1221	3.1696	-7.1136	67.0331	0.00
0x50	 17:41:06.034	1.4648	-0.1831	0.1221	3.1750	-7.1136	67.0331	0.00
0x50	 17:41:06.044	-0.6104	-0.0610	-0.0610	3.1750	-7.1082	67.0276	0.00
0x50	 17:41:06.053	-0.6104	-0.0610	-0.0610	3.1586	-7.1082	67.0221	0.00
0x50	 17:41:06.063	0.9155	-0.9766	0.3052	3.1421	-7.1027	67.0111	0.00
0x50	 17:41:06.073	0.9155	-0.9766	0.3052	3.1366	-7.1136	67.0111	0.00
0x50	 17:41:06.084	1.7700	-1.2207	-0.0610	3.1311	-7.1191	67.0111	0.00
0x50	 17:41:06.093	1.7700	-1.2207	-0.0610	3.1421	-7.1301	67.0001	0.00
0x50	 17:41:06.103	-0.1831	0.6714	-0.4272	3.1476	-7.1411	66.9946	0.00
0x50	 17:41:06.136	-0.1831	0.6714	-0.4272	3.1366	-7.1356	66.9836	0.00
0x50	 17:41:06.136	-0.2441	0.1221	-0.0610	3.1256	-7.1301	66.9781	0.00
0x50	 17:41:06.136	-0.2441	0.1221	-0.0610	3.1146	-7.1246	66.9672	0.00
0x50	 17:41:06.143	-0.1831	0.5493	-0.0610	3.1036	-7.1191	66.9617	0.00
0x50	 17:41:06.153	-0.1831	0.5493	-0.0610	3.0927	-7.1136	66.9562	0.00
0x50	 17:41:06.166	-0.9155	1.0376	0.2441	3.0817	-7.1082	66.9507	0.00
0x50	 17:41:06.173	-0.9155	1.0376	0.2441	3.0597	-7.0972	66.9507	0.00
0x50	 17:41:06.183	-0.3052	-0.1831	0.0610	3.0377	-7.0862	66.9452	0.00
0x50	 17:41:06.193	-0.3052	-0.1831	0.0610	3.0267	-7.0807	66.9397	0.00
0x50	 17:41:06.203	0.2441	-0.4272	0.4272	3.0103	-7.0807	66.9342	0.00
0x50	 17:41:06.213	0.2441	-0.4272	0.4272	3.0048	-7.0862	66.9287	0.00
0x50	 17:41:06.223	-0.3052	-0.3662	0.7324	2.9993	-7.0862	66.9287	0.00
0x50	 17:41:06.233	-0.3052	-0.3662	0.7324	2.9828	-7.0917	66.9232	0.00
0x50	 17:41:06.243	-0.7324	0.0000	0.1221	2.9718	-7.0917	66.9232	0.00
0x50	 17:41:06.252	-0.7324	0.0000	0.1221	2.9498	-7.0917	66.9177	0.00
0x50	 17:41:06.263	0.0610	0.0610	-0.3662	2.9333	-7.0917	66.9122	0.00
0x50	 17:41:06.273	0.0610	0.0610	-0.3662	2.9224	-7.0917	66.9012	0.00
0x50	 17:41:06.282	-0.6104	0.0000	-0.7935	2.9114	-7.0862	66.8903	0.00
0x50	 17:41:06.315	-0.6104	0.0000	-0.7935	2.9004	-7.0862	66.8738	0.00
0x50	 17:41:06.315	0.9155	-1.2817	-0.1221	2.8839	-7.0807	66.8628	0.00
0x50	 17:41:06.315	0.9155	-1.2817	-0.1221	2.8839	-7.0917	66.8518	0.00
0x50	 17:41:06.323	0.6104	0.3662	1.3428	2.8894	-7.1027	66.8408	0.00
0x50	 17:41:06.332	0.6104	0.3662	1.3428	2.8894	-7.0972	66.8463	0.00
0x50	 17:41:06.344	-2.7466	4.0894	1.1597	2.8839	-7.0972	66.8518	0.00
0x50	 17:41:06.352	-2.7466	4.0894	1.1597	2.8455	-7.0587	66.8573	0.00
0x50	 17:41:06.362	-4.9438	5.6152	-0.4272	2.8070	-7.0203	66.8683	0.00
0x50	 17:41:06.372	-4.9438	5.6152	-0.4272	2.7466	-6.9598	66.8628	0.00
0x50	 17:41:06.382	0.4272	0.7324	0.0000	2.6862	-6.9049	66.8518	0.00
0x50	 17:41:06.392	0.4272	0.7324	0.0000	2.6807	-6.8939	66.8463	0.00
0x50	 17:41:06.402	0.9766	-1.0376	0.7935	2.6752	-6.8829	66.8408	0.00
0x50	 17:41:06.412	0.9766	-1.0376	0.7935	2.6807	-6.8939	66.8353	0.00
0x50	 17:41:06.422	-4.1504	0.1831	0.0610	2.6862	-6.8994	66.8353	0.00
0x50	 17:41:06.432	-4.1504	0.1831	0.0610	2.6367	-6.8994	66.8243	0.00
0x50	 17:41:06.442	-4.8218	-3.9063	1.4648	2.5983	-6.8939	66.8134	0.00
0x50	 17:41:06.452	-4.8218	-3.9063	1.4648	2.5543	-6.9379	66.8079	0.00
0x50	 17:41:06.462	-15.6250	1.2207	2.5024	2.5104	-6.9763	66.8079	0.00
0x50	 17:41:06.472	-15.6250	1.2207	2.5024	2.3621	-6.9708	66.8134	0.00
0x50	 17:41:06.482	-22.3999	5.0049	5.0049	2.2137	-6.9598	66.8188	0.00
0x50	 17:41:06.493	-22.3999	5.0049	5.0049	1.9885	-6.9159	66.8573	0.00
0x50	 17:41:06.501	-26.0010	7.3853	6.8970	1.7633	-6.8665	66.8903	0.00
0x50	 17:41:06.511	-26.0010	7.3853	6.8970	1.4941	-6.7950	66.9507	0.00
0x50	 17:41:06.545	-28.1982	10.1318	5.5542	1.2250	-6.7236	67.0111	0.00
0x50	 17:41:06.545	-28.1982	10.1318	5.5542	0.9283	-6.6193	67.0605	0.00
0x50	 17:41:06.545	-28.5645	11.5967	7.8125	0.6372	-6.5204	67.1100	0.00
0x50	 17:41:06.551	-28.5645	11.5967	7.8125	0.3241	-6.4050	67.1869	0.00
0x50	 17:41:06.561	-24.2310	11.0474	5.3711	0.0165	-6.2842	67.2638	0.00
0x50	 17:41:06.572	-24.2310	11.0474	5.3711	-0.2472	-6.1688	67.3132	0.00
0x50	 17:41:06.581	-16.3574	4.2725	3.0518	-0.5164	-6.0535	67.3682	0.00
0x50	 17:41:06.591	-16.3574	4.2725	3.0518	-0.7086	-6.0040	67.3956	0.00
0x50	 17:41:06.601	-6.5308	-0.5493	1.2817	-0.9009	-5.9601	67.4286	0.00
0x50	 17:41:06.611	-6.5308	-0.5493	1.2817	-0.9888	-5.9601	67.4396	0.00
0x50	 17:41:06.621	-0.8545	0.1221	0.9766	-1.0767	-5.9601	67.4561	0.00
0x50	 17:41:06.631	-0.8545	0.1221	0.9766	-1.1096	-5.9601	67.4670	0.00
0x50	 17:41:06.641	1.7090	0.5493	-1.4648	-1.1426	-5.9546	67.4725	0.00
0x50	 17:41:06.651	1.7090	0.5493	-1.4648	-1.1426	-5.9491	67.4561	0.00
0x50	 17:41:06.661	5.3101	-3.2959	-2.3804	-1.1426	-5.9436	67.4396	0.00
0x50	 17:41:06.671	5.3101	-3.2959	-2.3804	-1.0931	-5.9711	67.4066	0.00
0x50	 17:41:06.681	10.9863	-6.4087	-0.0610	-1.0492	-6.0040	67.3792	0.00
0x50	 17:41:06.691	10.9863	-6.4087	-0.0610	-0.9393	-6.0645	67.3737	0.00
0x50	 17:41:06.726	2.3804	-0.9766	-0.7324	-0.8350	-6.1304	67.3682	0.00
0x50	 17:41:06.726	2.3804	-0.9766	-0.7324	-0.8075	-6.1469	67.3517	0.00
0x50	 17:41:06.726	-2.0142	2.8687	0.1221	-0.7800	-6.1578	67.3297	0.00
0x50	 17:41:06.731	-2.0142	2.8687	0.1221	-0.8020	-6.1304	67.3242	0.00
0x50	 17:41:06.741	-4.1504	3.2959	0.5493	-0.8240	-6.1029	67.3132	0.00
0x50	 17:41:06.750	-4.1504	3.2959	0.5493	-0.8679	-6.0645	67.3077	0.00
0x50	 17:41:06.761	-1.7700	1.7700	1.2207	-0.9119	-6.0315	67.3022	0.00
0x50	 17:41:06.770	-1.7700	1.7700	1.2207	-0.9393	-6.0095	67.3132	0.00
0x50	 17:41:06.780	-0.4883	1.2207	0.8545	-0.9668	-5.9930	67.3187	0.00
0x50	 17:41:06.791	-0.4883	1.2207	0.8545	-0.9833	-5.9821	67.3242	0.00
0x50	 17:41:06.801	0.3662	1.0986	-0.3052	-0.9998	-5.9656	67.3297	0.00
0x50	 17:41:06.810	0.3662	1.0986	-0.3052	-1.0107	-5.9546	67.3187	0.00
0x50	 17:41:06.820	0.1221	0.1221	-1.1597	-1.0162	-5.9436	67.3132	0.00
0x50	 17:41:06.830	0.1221	0.1221	-1.1597	-1.0217	-5.9381	67.2968	0.00
0x50	 17:41:06.840	4.2725	-2.9297	0.1831	-1.0272	-5.9326	67.2803	0.00
0x50	 17:41:06.850	4.2725	-2.9297	0.1831	-1.0107	-5.9436	67.2638	0.00
0x50	 17:41:06.860	2.4414	-1.0376	0.9766	-0.9723	-5.9711	67.2583	0.00
0x50	 17:41:06.870	2.4414	-1.0376	0.9766	-0.9448	-5.9930	67.2528	0.00
0x50	 17:41:06.880	-2.3804	2.9907	0.2441	-0.9229	-6.0040	67.2528	0.00
