StartTime: 2020-09-27 11:32:02.453
address	Time(s)	ax(g)	ay(g)	az(g)	wx(deg/s)	wy(deg/s)	wz(deg/s)	AngleX(deg)	AngleY(deg)	AngleZ(deg)	T(°)	hx	hy	hz
0x50	 11:33:17.740	-0.0366	-0.0083	0.9922	0.0000	0.0000	0.0000	-0.4779	-2.1808	0.4724	30.00	0	0	0
0x50	 11:33:17.863	-0.0366	-0.0093	0.9917	0.0000	0.0000	0.0000	-0.4779	-2.0984	0.4724	30.00	0	0	0
0x50	 11:33:17.940	-0.0371	-0.0088	0.9912	0.0000	0.0000	0.0000	-0.5328	-2.0984	0.4724	30.00	0	0	0
0x50	 11:33:18.046	-0.0371	-0.0093	0.9912	0.0000	0.0000	0.0000	-0.5054	-2.1259	0.4724	29.98	0	0	0
0x50	 11:33:18.140	-0.0371	-0.0093	0.9917	0.0000	0.0000	0.0000	-0.5328	-2.1259	0.4724	29.98	0	0	0
0x50	 11:33:18.240	-0.0371	-0.0088	0.9912	0.0000	0.0000	0.0000	-0.5328	-2.1259	0.4724	29.96	0	0	0
0x50	 11:33:18.340	-0.0371	-0.0093	0.9907	0.0000	0.0000	0.0000	-0.5054	-2.1259	0.4724	30.00	0	0	0
0x50	 11:33:18.458	-0.0371	-0.0093	0.9922	0.0000	0.0000	0.0000	-0.5328	-2.1259	0.4724	30.01	0	0	0
0x50	 11:33:18.540	-0.0371	-0.0088	0.9917	0.0000	0.0000	0.0000	-0.5328	-2.1259	0.4724	29.98	0	0	0
0x50	 11:33:18.639	-0.0371	-0.0088	0.9922	0.0000	0.0000	0.0000	-0.5054	-2.1259	0.4724	29.96	0	0	0
0x50	 11:33:18.738	-0.0371	-0.0093	0.9917	0.0000	0.0000	0.0000	-0.5054	-2.1259	0.4724	29.97	0	0	0
0x50	 11:33:18.838	-0.0371	-0.0088	0.9917	0.0000	0.0000	0.0000	-0.5328	-2.1259	0.4724	29.96	0	0	0
0x50	 11:33:18.938	-0.0371	-0.0088	0.9922	0.0000	0.0000	0.0000	-0.5054	-2.1259	0.4724	29.97	0	0	0
0x50	 11:33:19.038	-0.0376	-0.0083	0.9917	0.0000	0.0000	0.0000	-0.5054	-2.1259	0.4724	30.00	0	0	0
0x50	 11:33:19.138	-0.0371	-0.0093	0.9922	0.0000	0.0000	0.0000	-0.4779	-2.1533	0.4724	29.97	0	0	0
0x50	 11:33:19.280	-0.0371	-0.0093	0.9922	0.0000	0.0000	0.0000	-0.5328	-2.1259	0.4724	29.99	0	0	0
0x50	 11:33:19.338	-0.0371	-0.0088	0.9917	0.0000	0.0000	0.0000	-0.5328	-2.1259	0.4724	29.98	0	0	0
0x50	 11:33:19.438	-0.0371	-0.0093	0.9922	0.0000	0.0000	0.0000	-0.5054	-2.1259	0.4724	29.98	0	0	0
0x50	 11:33:19.538	-0.0371	-0.0083	0.9922	0.0000	0.0000	0.0000	-0.5328	-2.1259	0.4724	29.99	0	0	0
0x50	 11:33:19.640	-0.0376	-0.0088	0.9917	0.0000	0.0000	0.0000	-0.4779	-2.1259	0.4724	29.99	0	0	0
0x50	 11:33:19.738	-0.0376	-0.0083	0.9917	0.0000	0.0000	0.0000	-0.5054	-2.1533	0.4724	29.96	0	0	0
0x50	 11:33:19.838	-0.0376	-0.0088	0.9922	0.0000	0.0000	0.0000	-0.4779	-2.1533	0.4724	29.96	0	0	0
0x50	 11:33:19.938	-0.0371	-0.0088	0.9917	0.0000	0.0000	0.0000	-0.5054	-2.1533	0.4724	29.96	0	0	0
0x50	 11:33:20.037	-0.0366	-0.0088	0.9917	0.0000	0.0000	0.0000	-0.5054	-2.1259	0.4724	29.96	0	0	0
0x50	 11:33:20.137	-0.0376	-0.0093	0.9917	0.0000	0.0000	0.0000	-0.5054	-2.0984	0.4724	29.96	0	0	0
0x50	 11:33:20.237	-0.0371	-0.0093	0.9917	0.0000	0.0000	0.0000	-0.5328	-2.1533	0.4724	29.97	0	0	0
0x50	 11:33:20.337	-0.0371	-0.0088	0.9907	0.0000	0.0000	0.0000	-0.5328	-2.1259	0.4724	29.98	0	0	0
0x50	 11:33:20.437	-0.0376	-0.0083	0.9917	0.0000	0.0000	0.0000	-0.5054	-2.1259	0.4724	30.00	0	0	0
0x50	 11:33:20.536	-0.0371	-0.0088	0.9917	0.0000	0.0000	0.0000	-0.4779	-2.1533	0.4724	29.97	0	0	0
0x50	 11:33:20.636	-0.0371	-0.0088	0.9922	0.0000	0.0000	0.0000	-0.5054	-2.1259	0.4724	29.98	0	0	0
0x50	 11:33:20.736	-0.0371	-0.0088	0.9922	0.0000	0.0000	0.0000	-0.5054	-2.1259	0.4724	29.97	0	0	0
0x50	 11:33:20.836	-0.0371	-0.0093	0.9917	0.0000	0.0000	0.0000	-0.5054	-2.1259	0.4724	29.94	0	0	0
0x50	 11:33:20.936	-0.0366	-0.0098	0.9917	0.0000	0.0000	0.0000	-0.5328	-2.1259	0.4724	29.97	0	0	0
0x50	 11:33:21.036	-0.0366	-0.0088	0.9922	0.0000	0.0000	0.0000	-0.5603	-2.0984	0.4724	29.94	0	0	0
0x50	 11:33:21.141	-0.0371	-0.0093	0.9927	0.0000	0.0000	0.0000	-0.5054	-2.0984	0.4724	29.97	0	0	0
0x50	 11:33:21.236	-0.0371	-0.0088	0.9917	0.0000	0.0000	0.0000	-0.5328	-2.1259	0.4724	29.97	0	0	0
0x50	 11:33:21.335	-0.0376	-0.0088	0.9927	0.0000	0.0000	0.0000	-0.5054	-2.1259	0.4724	30.00	0	0	0
0x50	 11:33:21.435	-0.0376	-0.0093	0.9922	0.0000	0.0000	0.0000	-0.5054	-2.1533	0.4724	29.96	0	0	0
0x50	 11:33:21.535	-0.0361	-0.0093	0.9917	0.0000	0.0000	0.0000	-0.5328	-2.1533	0.4724	29.97	0	0	0
0x50	 11:33:21.635	-0.0371	-0.0088	0.9922	0.0000	0.0000	0.0000	-0.5328	-2.0654	0.4724	30.00	0	0	0
0x50	 11:33:21.735	-0.0371	-0.0083	0.9917	0.0000	0.0000	0.0000	-0.5054	-2.1259	0.4724	29.95	0	0	0
0x50	 11:33:21.835	-0.0371	-0.0088	0.9917	0.0000	0.0000	0.0000	-0.4779	-2.1259	0.4724	29.97	0	0	0
0x50	 11:33:21.935	-0.0371	-0.0088	0.9917	0.0000	0.0000	0.0000	-0.5054	-2.1259	0.4724	29.96	0	0	0
0x50	 11:33:22.035	-0.0376	-0.0093	0.9922	0.0000	0.0000	0.0000	-0.5054	-2.1259	0.4724	29.99	0	0	0
0x50	 11:33:22.166	-0.0371	-0.0093	0.9917	0.0000	0.0000	0.0000	-0.5328	-2.1533	0.4724	29.97	0	0	0
0x50	 11:33:22.235	-0.0376	-0.0088	0.9922	0.0000	0.0000	0.0000	-0.5328	-2.1259	0.4724	29.94	0	0	0
0x50	 11:33:22.350	-0.0371	-0.0088	0.9922	0.0000	0.0000	0.0000	-0.5054	-2.1533	0.4724	29.94	0	0	0
0x50	 11:33:22.435	-0.0371	-0.0083	0.9922	0.0000	0.0000	0.0000	-0.5054	-2.1259	0.4724	29.99	0	0	0
0x50	 11:33:22.535	-0.0376	-0.0093	0.9917	0.0000	0.0000	0.0000	-0.4779	-2.1259	0.4724	30.00	0	0	0
0x50	 11:33:22.634	-0.0376	-0.0088	0.9917	0.0000	0.0000	0.0000	-0.5328	-2.1533	0.4724	29.98	0	0	0
0x50	 11:33:22.733	-0.0376	-0.0093	0.9922	0.0000	0.0000	0.0000	-0.5054	-2.1533	0.4724	29.97	0	0	0
0x50	 11:33:22.833	-0.0366	-0.0093	0.9922	0.0000	0.0000	0.0000	-0.5328	-2.1533	0.4724	29.97	0	0	0
0x50	 11:33:22.955	-0.0371	-0.0088	0.9917	0.0000	0.0000	0.0000	-0.5328	-2.0984	0.4724	29.97	0	0	0
0x50	 11:33:23.033	-0.0371	-0.0093	0.9917	0.0000	0.0000	0.0000	-0.5054	-2.1259	0.4724	29.96	0	0	0
0x50	 11:33:23.151	-0.0371	-0.0088	0.9917	0.0000	0.0000	0.0000	-0.5328	-2.1259	0.4724	30.00	0	0	0
0x50	 11:33:23.233	-0.0371	-0.0088	0.9917	0.0000	0.0000	0.0000	-0.5054	-2.1259	0.4724	29.97	0	0	0
0x50	 11:33:23.333	-0.0371	-0.0088	0.9917	0.0000	0.0000	0.0000	-0.5054	-2.1259	0.4724	29.97	0	0	0
0x50	 11:33:23.433	-0.0371	-0.0093	0.9917	0.0000	0.0000	0.0000	-0.5054	-2.1259	0.4724	29.99	0	0	0
0x50	 11:33:23.533	-0.0371	-0.0093	0.9917	0.0000	0.0000	0.0000	-0.5328	-2.1259	0.4724	29.98	0	0	0
0x50	 11:33:23.633	-0.0371	-0.0088	0.9912	0.0000	0.0000	0.0000	-0.5328	-2.1259	0.4724	30.00	0	0	0
0x50	 11:33:23.747	-0.0376	-0.0083	0.9917	0.0000	0.0000	0.0000	-0.5054	-2.1259	0.4724	29.97	0	0	0
0x50	 11:33:23.833	-0.0376	-0.0088	0.9922	0.0000	0.0000	0.0000	-0.4779	-2.1533	0.4724	29.97	0	0	0
0x50	 11:33:24.074	-0.0371	-0.0088	0.9917	0.0000	0.0000	0.0000	-0.5054	-2.1533	0.4724	29.96	0	0	0
0x50	 11:33:24.074	-0.0376	-0.0088	0.9922	0.0000	0.0000	0.0000	-0.5054	-2.1259	0.4724	29.97	0	0	0
0x50	 11:33:24.153	-0.0366	-0.0093	0.9917	0.0000	0.0000	0.0000	-0.5054	-2.1533	0.4724	29.97	0	0	0
0x50	 11:33:24.232	-0.0371	-0.0088	0.9912	0.0000	0.0000	0.0000	-0.5328	-2.0984	0.4724	29.97	0	0	0
0x50	 11:33:24.332	-0.0376	-0.0088	0.9917	0.0000	0.0000	0.0000	-0.5054	-2.1259	0.4724	29.96	0	0	0
0x50	 11:33:24.432	-0.0371	-0.0088	0.9922	0.0000	0.0000	0.0000	-0.5054	-2.1533	0.4724	30.00	0	0	0
0x50	 11:33:24.532	-0.0371	-0.0088	0.9922	0.0000	0.0000	0.0000	-0.5054	-2.1259	0.4724	29.99	0	0	0
0x50	 11:33:24.632	-0.0371	-0.0088	0.9912	0.0000	0.0000	0.0000	-0.5054	-2.1259	0.4724	29.93	0	0	0
0x50	 11:33:24.758	-0.0371	-0.0098	0.9912	0.0000	0.0000	0.0000	-0.5054	-2.1259	0.4724	30.00	0	0	0
0x50	 11:33:24.832	-0.0366	-0.0093	0.9922	0.0000	0.0000	0.0000	-0.5603	-2.1259	0.4724	30.00	0	0	0
0x50	 11:33:24.931	-0.0371	-0.0093	0.9917	0.0000	0.0000	0.0000	-0.5328	-2.0984	0.4724	30.00	0	0	0
0x50	 11:33:25.031	-0.0371	-0.0093	0.9912	0.0000	0.0000	0.0000	-0.5328	-2.1259	0.4724	29.98	0	0	0
0x50	 11:33:25.131	-0.0371	-0.0083	0.9912	0.0000	0.0000	0.0000	-0.5328	-2.1259	0.4724	29.99	0	0	0
0x50	 11:33:25.230	-0.0371	-0.0093	0.9922	0.0000	0.0000	0.0000	-0.4779	-2.1259	0.4724	30.03	0	0	0
0x50	 11:33:25.372	-0.0376	-0.0093	0.9922	0.0000	0.0000	0.0000	-0.5328	-2.1259	0.4724	30.00	0	0	0
0x50	 11:33:25.430	-0.0366	-0.0098	0.9917	0.0000	0.0000	0.0000	-0.5328	-2.1533	0.4724	30.00	0	0	0
0x50	 11:33:25.533	-0.0376	-0.0093	0.9917	0.0000	0.0000	0.0000	-0.5603	-2.0984	0.4724	29.97	0	0	0
0x50	 11:33:25.630	-0.0376	-0.0088	0.9917	0.0000	0.0000	0.0000	-0.5328	-2.1533	0.4724	29.97	0	0	0
0x50	 11:33:25.734	-0.0371	-0.0083	0.9917	0.0000	0.0000	0.0000	-0.5054	-2.1533	0.4724	29.96	0	0	0
0x50	 11:33:25.830	-0.0371	-0.0088	0.9917	0.0000	0.0000	0.0000	-0.4779	-2.1259	0.4724	29.96	0	0	0
0x50	 11:33:25.930	-0.0361	-0.0088	0.9922	0.0000	0.0000	0.0000	-0.5054	-2.1259	0.4724	29.98	0	0	0
0x50	 11:33:26.030	-0.0376	-0.0088	0.9912	0.0000	0.0000	0.0000	-0.5054	-2.0654	0.4724	29.97	0	0	0
0x50	 11:33:26.130	-0.0376	-0.0088	0.9917	0.0000	0.0000	0.0000	-0.5054	-2.1533	0.4724	29.99	0	0	0
0x50	 11:33:26.230	-0.0376	-0.0088	0.9917	0.0000	0.0000	0.0000	-0.5054	-2.1533	0.4724	29.95	0	0	0
0x50	 11:33:26.330	-0.0376	-0.0088	0.9917	0.0000	0.0000	0.0000	-0.5054	-2.1533	0.4724	30.00	0	0	0
0x50	 11:33:26.430	-0.0376	-0.0093	0.9922	0.0000	0.0000	0.0000	-0.5054	-2.1533	0.4724	30.00	0	0	0
0x50	 11:33:26.530	-0.0376	-0.0093	0.9917	0.0000	0.0000	0.0000	-0.5328	-2.1533	0.4724	30.00	0	0	0
0x50	 11:33:26.629	-0.0371	-0.0093	0.9922	0.0000	0.0000	0.0000	-0.5328	-2.1533	0.4724	29.97	0	0	0
0x50	 11:33:26.729	-0.0371	-0.0088	0.9917	0.0000	0.0000	0.0000	-0.5328	-2.1259	0.4724	29.98	0	0	0
0x50	 11:33:26.829	-0.0366	-0.0098	0.9922	0.0000	0.0000	0.0000	-0.5054	-2.1259	0.4724	30.00	0	0	0
0x50	 11:33:26.929	-0.0366	-0.0093	0.9917	0.0000	0.0000	0.0000	-0.5603	-2.0984	0.4724	29.98	0	0	0
0x50	 11:33:27.031	-0.0371	-0.0088	0.9917	0.0000	0.0000	0.0000	-0.5328	-2.0984	0.4724	29.99	0	0	0
0x50	 11:33:27.132	-0.0366	-0.0088	0.9922	0.0000	0.0000	0.0000	0	0	0
0x50	 11:33:27.707	-0.0371	-0.0098	0.9922	0.0000	0.0000	0.0000	-0.5054	-2.0984	0.4724	29.98	0	0	0
0x50	 11:33:27.708	-0.0371	-0.0093	0.9917	0.0000	0.0000	0.0000	-0.5603	-2.1259	0.4724	30.00	0	0	0
0x50	 11:33:27.708	-0.0376	-0.0088	0.9922	0.0000	0.0000	0.0000	-0.5328	-2.1259	0.4724	29.99	0	0	0
0x50	 11:33:27.708	-0.0371	-0.0088	0.9917	0.0000	0.0000	0.0000	-0.5054	-2.1533	0.4724	29.96	0	0	0
0x50	 11:33:27.708	-0.0381	-0.0093	0.9922	0.0000	0.0000	0.0000	-0.5054	-2.1259	0.4724	29.99	0	0	0
0x50	 11:33:27.729	-0.0371	-0.0083	0.9917	0.0000	0.0000	0.0000	-0.5328	-2.1808	0.4724	29.95	0	0	0
